# unix_time, cycles_done, cur_path, paths_total, pending_total, pending_favs, map_size, unique_crashes, unique_hangs, max_depth, execs_per_sec
1543693732, 0, 0, 1, 1, 1, 0.13%, 0, 0, 1, 2000.00
1543693737, 0, 0, 94, 94, 1, 0.48%, 5, 0, 2, 2645.20
1543693742, 0, 0, 115, 115, 1, 0.50%, 7, 0, 2, 2748.51
1543693747, 0, 84, 126, 100, 16, 0.52%, 7, 0, 3, 2801.77
1543693752, 0, 84, 136, 110, 16, 0.52%, 7, 0, 3, 2813.21
1543693758, 0, 84, 138, 112, 16, 0.52%, 8, 0, 3, 2832.83
1543693763, 0, 94, 146, 117, 17, 0.53%, 9, 0, 3, 2785.70
1543693768, 0, 94, 151, 122, 17, 0.54%, 9, 0, 3, 2808.14
1543693773, 0, 107, 162, 129, 18, 0.55%, 9, 0, 3, 2799.66
1543693778, 0, 116, 168, 132, 17, 0.55%, 9, 0, 3, 2806.46
1543693788, 0, 125, 174, 137, 17, 0.56%, 9, 0, 4, 2769.94
1543693793, 0, 126, 179, 141, 21, 0.56%, 9, 0, 4, 2645.00
1543693798, 0, 149, 185, 140, 17, 0.57%, 9, 0, 4, 2800.92
1543693803, 0, 156, 185, 138, 16, 0.57%, 9, 0, 4, 2507.69
1543693808, 0, 173, 187, 133, 9, 0.58%, 9, 0, 5, 2744.92
1543693814, 0, 180, 189, 132, 8, 0.58%, 9, 0, 5, 2784.85
1543693819, 0, 184, 190, 130, 5, 0.58%, 9, 0, 5, 2808.11
1543693824, 0, 190, 191, 126, 1, 0.58%, 9, 0, 6, 2814.92
1543693829, 1, 86, 191, 108, 0, 0.58%, 10, 0, 6, 2813.03
1543693834, 2, 26, 193, 98, 0, 0.58%, 10, 0, 6, 2812.74
1543693839, 2, 192, 198, 102, 1, 0.58%, 10, 0, 6, 2804.92
1543693844, 2, 192, 201, 105, 1, 0.58%, 11, 0, 6, 2806.21
1543693849, 2, 193, 205, 108, 7, 0.59%, 11, 0, 6, 2795.78
1543693855, 2, 193, 207, 110, 7, 0.60%, 11, 0, 6, 2732.73
1543693865, 2, 196, 214, 116, 9, 0.61%, 14, 0, 6, 2795.71
1543693870, 2, 196, 215, 117, 9, 0.61%, 15, 0, 6, 2709.42
1543693875, 2, 197, 217, 118, 14, 0.61%, 15, 0, 6, 2778.42
1543693880, 2, 200, 218, 117, 15, 0.61%, 15, 0, 6, 2808.44
1543693885, 2, 200, 219, 118, 15, 0.61%, 15, 0, 6, 2766.51
1543693890, 2, 201, 221, 119, 15, 0.61%, 15, 0, 6, 2797.62
1543693895, 2, 206, 221, 116, 12, 0.61%, 15, 0, 6, 2808.82
1543693900, 2, 213, 222, 111, 6, 0.61%, 15, 0, 6, 2776.23
1543693905, 2, 214, 228, 116, 6, 0.62%, 15, 0, 6, 2777.07
1543693910, 2, 214, 229, 117, 6, 0.62%, 15, 0, 6, 2816.90
1543693915, 2, 214, 230, 118, 6, 0.62%, 15, 0, 6, 2783.94
1543693921, 2, 218, 231, 116, 8, 0.62%, 15, 0, 6, 2777.23
1543693926, 2, 222, 232, 115, 7, 0.62%, 16, 0, 7, 2771.54
1543693931, 2, 222, 235, 118, 7, 0.62%, 16, 0, 7, 2783.97
1543693936, 2, 225, 235, 116, 7, 0.62%, 16, 0, 7, 2775.37
1543693941, 2, 226, 237, 117, 7, 0.62%, 17, 0, 7, 2829.30
1543693946, 2, 227, 238, 117, 7, 0.62%, 17, 0, 7, 2807.38
1543693951, 2, 229, 239, 117, 7, 0.62%, 17, 0, 7, 2827.15
1543693956, 2, 229, 240, 118, 7, 0.62%, 17, 0, 7, 2773.79
1543693961, 2, 233, 242, 118, 6, 0.64%, 17, 0, 8, 290.52
1543693967, 2, 233, 245, 121, 6, 0.64%, 17, 0, 8, 2739.89
1543693977, 2, 234, 248, 123, 7, 0.64%, 17, 0, 8, 2768.33
1543693982, 2, 234, 249, 124, 7, 0.64%, 17, 0, 8, 2785.88
1543693987, 2, 238, 250, 122, 5, 0.64%, 17, 0, 8, 2790.57
1543693992, 2, 238, 251, 123, 5, 0.64%, 17, 0, 8, 2746.89
1543693997, 2, 244, 252, 122, 4, 0.64%, 18, 0, 9, 2795.36
1543694002, 2, 244, 254, 124, 4, 0.64%, 18, 0, 9, 2766.06
1543694007, 2, 247, 255, 124, 6, 0.64%, 18, 0, 9, 2774.24
1543694012, 2, 247, 257, 126, 6, 0.64%, 18, 0, 9, 2716.99
1543694017, 2, 249, 257, 125, 6, 0.64%, 19, 0, 9, 2766.22
1543694022, 2, 252, 257, 123, 4, 0.64%, 19, 0, 9, 2752.59
1543694028, 2, 252, 259, 125, 4, 0.64%, 19, 0, 10, 2797.62
1543694038, 2, 253, 259, 124, 4, 0.64%, 19, 0, 10, 2744.73
1543694043, 2, 258, 260, 123, 2, 0.64%, 19, 0, 11, 2767.94
1543694048, 2, 258, 261, 124, 2, 0.64%, 19, 0, 11, 2788.70
1543694053, 2, 258, 262, 125, 2, 0.64%, 19, 0, 11, 2784.08
1543694058, 2, 261, 262, 124, 2, 0.64%, 19, 0, 11, 2745.76
1543694063, 2, 261, 263, 125, 2, 0.64%, 19, 0, 12, 2756.12
1543694073, 3, 242, 264, 122, 1, 0.64%, 19, 0, 12, 2778.79
1543694078, 3, 264, 265, 122, 1, 0.64%, 19, 0, 12, 2795.30
1543694083, 3, 264, 266, 123, 1, 0.65%, 19, 0, 12, 2784.24
1543694094, 3, 265, 269, 125, 1, 0.66%, 19, 0, 12, 2786.24
1543694099, 3, 265, 271, 127, 1, 0.68%, 19, 0, 12, 2799.19
1543694104, 3, 267, 272, 127, 5, 0.68%, 19, 0, 12, 2807.02
1543694109, 3, 267, 275, 130, 5, 0.69%, 19, 0, 12, 2789.52
1543694114, 3, 267, 277, 132, 5, 0.69%, 19, 0, 12, 2747.54
1543694119, 3, 268, 278, 132, 10, 0.69%, 19, 0, 12, 2814.73
1543694124, 3, 269, 278, 131, 9, 0.69%, 19, 0, 12, 2798.59
1543694129, 3, 270, 278, 130, 8, 0.69%, 19, 0, 12, 2735.15
1543694134, 3, 270, 280, 132, 8, 0.69%, 19, 0, 12, 2763.51
1543694139, 3, 270, 281, 133, 8, 0.69%, 19, 0, 12, 2773.23
1543694144, 3, 271, 282, 133, 8, 0.69%, 19, 0, 12, 2855.76
1543694149, 3, 274, 283, 132, 8, 0.70%, 19, 0, 12, 2826.63
1543694155, 3, 274, 285, 134, 8, 0.70%, 19, 0, 13, 2682.39
1543694160, 3, 275, 285, 133, 9, 0.70%, 19, 0, 13, 2723.05
1543694165, 3, 275, 286, 134, 9, 0.70%, 19, 0, 13, 2778.53
1543694170, 3, 276, 286, 133, 9, 0.70%, 19, 0, 13, 2754.26
1543694175, 3, 277, 286, 132, 8, 0.70%, 19, 0, 13, 2790.64
1543694180, 3, 277, 287, 133, 8, 0.70%, 19, 0, 13, 2789.96
1543694185, 3, 280, 289, 134, 8, 0.70%, 19, 0, 13, 2748.72
1543694190, 3, 280, 291, 136, 8, 0.73%, 19, 0, 13, 2692.41
1543694195, 3, 281, 294, 138, 11, 0.73%, 19, 0, 13, 2689.01
1543694200, 3, 281, 296, 140, 11, 0.73%, 19, 0, 13, 2770.36
1543694211, 3, 283, 297, 140, 11, 0.74%, 19, 0, 14, 2783.15
1543694216, 3, 286, 297, 138, 10, 0.74%, 19, 0, 14, 2751.29
1543694221, 3, 288, 297, 137, 9, 0.74%, 19, 0, 14, 2748.00
1543694226, 3, 288, 301, 141, 9, 0.74%, 19, 0, 14, 2740.99
1543694236, 3, 290, 301, 140, 9, 0.74%, 19, 0, 14, 2775.54
1543694241, 3, 290, 302, 141, 9, 0.74%, 19, 0, 14, 2793.95
1543694246, 3, 291, 311, 149, 9, 0.76%, 19, 0, 14, 2792.31
1543694251, 3, 291, 312, 150, 9, 0.76%, 19, 0, 14, 2708.86
1543694256, 3, 292, 312, 149, 16, 0.76%, 19, 0, 14, 2746.97
1543694262, 3, 292, 313, 150, 16, 0.76%, 19, 0, 14, 2767.55
1543694272, 3, 295, 313, 148, 16, 0.76%, 19, 0, 14, 2758.09
1543694277, 3, 295, 316, 151, 16, 0.76%, 19, 0, 14, 2749.31
1543694282, 3, 296, 317, 151, 17, 0.76%, 19, 0, 14, 2691.96
1543694292, 3, 298, 318, 151, 16, 0.76%, 19, 0, 15, 2713.75
1543694297, 3, 298, 319, 152, 16, 0.76%, 19, 0, 15, 2691.00
1543694302, 3, 301, 319, 150, 15, 0.76%, 19, 0, 15, 2728.60
1543694307, 3, 301, 322, 153, 15, 0.76%, 19, 0, 15, 2738.05
1543694312, 3, 301, 323, 154, 15, 0.76%, 19, 0, 15, 2765.61
1543694317, 3, 309, 323, 147, 9, 0.76%, 19, 0, 15, 2778.48
1543694322, 3, 311, 323, 146, 7, 0.76%, 19, 0, 15, 2768.26
1543694327, 3, 311, 325, 148, 7, 0.76%, 19, 0, 15, 2770.35
1543694332, 3, 311, 326, 149, 7, 0.76%, 19, 0, 15, 2757.07
1543694337, 3, 314, 330, 151, 9, 0.76%, 19, 0, 15, 2726.82
1543694343, 3, 314, 333, 154, 9, 0.76%, 19, 0, 15, 2767.81
1543694348, 3, 314, 337, 158, 9, 0.76%, 19, 0, 15, 2698.67
1543694353, 3, 316, 339, 159, 11, 0.77%, 19, 0, 15, 2711.39
1543694358, 3, 316, 343, 163, 11, 0.77%, 19, 0, 15, 2741.41
1543694363, 3, 316, 344, 164, 11, 0.77%, 19, 0, 15, 2747.84
1543694368, 3, 321, 346, 165, 11, 0.77%, 19, 0, 15, 2681.49
1543694373, 3, 321, 347, 166, 11, 0.77%, 19, 0, 16, 2755.60
1543694378, 3, 321, 348, 167, 11, 0.77%, 19, 0, 16, 2780.54
1543694383, 3, 323, 349, 167, 12, 0.77%, 19, 0, 16, 2742.48
1543694394, 3, 324, 349, 166, 12, 0.77%, 19, 0, 16, 2812.48
1543694399, 3, 324, 350, 167, 12, 0.77%, 19, 0, 16, 2748.36
1543694404, 3, 326, 350, 166, 12, 0.77%, 19, 0, 16, 2755.34
1543694439, 3, 329, 350, 165, 11, 0.77%, 19, 0, 16, 2674.03
1543694470, 3, 329, 351, 166, 11, 0.77%, 19, 0, 16, 2739.29
1543694480, 3, 332, 352, 166, 11, 0.77%, 19, 0, 16, 2587.62
1543694490, 3, 332, 355, 169, 11, 0.77%, 19, 0, 16, 2592.24
1543694557, 3, 334, 356, 169, 11, 0.77%, 19, 0, 16, 2689.77
1543694567, 3, 334, 357, 170, 11, 0.77%, 19, 0, 16, 2728.76
1543694572, 3, 334, 358, 171, 11, 0.77%, 19, 0, 16, 2740.96
1543694577, 3, 343, 359, 171, 11, 0.77%, 19, 0, 16, 2782.31
1543694582, 3, 343, 362, 174, 11, 0.77%, 19, 0, 16, 2698.62
1543694592, 3, 345, 362, 173, 12, 0.77%, 19, 0, 16, 2720.96
1543694597, 3, 345, 364, 175, 12, 0.77%, 19, 0, 16, 2758.87
1543694602, 3, 345, 365, 176, 12, 0.77%, 19, 0, 16, 2743.86
1543694607, 3, 346, 367, 177, 12, 0.77%, 19, 0, 17, 2791.40
1543694613, 3, 346, 369, 179, 12, 0.77%, 19, 0, 17, 2766.15
1543694618, 3, 346, 370, 180, 12, 0.77%, 19, 0, 17, 2732.46
1543694623, 3, 347, 370, 179, 14, 0.77%, 19, 0, 17, 2627.97
1543694679, 3, 348, 370, 178, 14, 0.77%, 19, 0, 17, 2735.68
1543694694, 3, 349, 370, 177, 13, 0.77%, 19, 0, 17, 2809.19
1543694704, 3, 349, 371, 178, 13, 0.77%, 19, 0, 17, 2755.25
1543694709, 3, 349, 372, 179, 13, 0.77%, 19, 0, 17, 2729.45
1543694714, 3, 360, 372, 175, 10, 0.77%, 19, 0, 17, 2732.13
1543694725, 3, 361, 373, 175, 9, 0.77%, 19, 0, 17, 2570.49
1543694735, 3, 361, 374, 176, 9, 0.77%, 19, 0, 17, 2762.95
1543694740, 3, 361, 375, 177, 9, 0.77%, 19, 0, 17, 2696.43
1543694745, 3, 363, 376, 177, 9, 0.77%, 19, 0, 17, 2704.33
1543694755, 3, 367, 376, 176, 8, 0.77%, 19, 0, 17, 2773.25
1543694760, 3, 367, 377, 177, 8, 0.77%, 19, 0, 18, 2784.22
1543694765, 3, 367, 379, 179, 8, 0.77%, 19, 0, 18, 2764.24
1543694771, 3, 370, 379, 178, 8, 0.77%, 20, 0, 18, 2683.37
1543694786, 3, 370, 380, 179, 8, 0.77%, 20, 0, 18, 2772.69
1543694796, 3, 374, 380, 176, 6, 0.77%, 20, 0, 18, 2598.79
1543694812, 3, 374, 382, 178, 6, 0.77%, 20, 0, 18, 2677.26
1543694822, 3, 374, 383, 179, 6, 0.77%, 20, 0, 18, 2633.70
1543694832, 3, 376, 383, 178, 7, 0.77%, 20, 0, 18, 2749.42
1543694842, 3, 376, 386, 181, 7, 0.77%, 20, 0, 19, 2735.74
1543694847, 3, 379, 386, 180, 8, 0.77%, 20, 0, 19, 2738.75
1543694883, 3, 382, 386, 178, 6, 0.77%, 20, 0, 19, 2516.36
1543694914, 3, 382, 387, 179, 6, 0.77%, 20, 0, 19, 2531.18
1543694944, 3, 383, 387, 178, 6, 0.77%, 20, 0, 19, 2635.91
1543694959, 3, 384, 387, 177, 5, 0.77%, 20, 0, 19, 2698.77
1543694980, 3, 384, 388, 178, 5, 0.77%, 20, 0, 20, 2730.69
1543694985, 3, 384, 389, 179, 5, 0.77%, 20, 0, 20, 2674.37
1543694990, 3, 386, 389, 178, 6, 0.77%, 20, 0, 20, 2440.52
1543695061, 3, 386, 391, 180, 6, 0.77%, 20, 0, 20, 2432.64
1543695071, 3, 387, 392, 180, 6, 0.77%, 20, 0, 20, 2605.20
1543695107, 3, 387, 393, 181, 6, 0.77%, 20, 0, 21, 2695.46
1543695112, 3, 387, 394, 182, 6, 0.77%, 20, 0, 21, 2705.34
1543695117, 3, 388, 394, 181, 5, 0.77%, 20, 0, 21, 2704.59
1543695127, 3, 388, 396, 183, 5, 0.77%, 20, 0, 21, 2723.68
1543695132, 3, 388, 397, 184, 5, 0.77%, 20, 0, 21, 2691.63
1543695137, 3, 391, 397, 183, 5, 0.77%, 20, 0, 21, 2306.48
1543695642, 3, 393, 397, 182, 4, 0.77%, 20, 0, 21, 2334.83
1543695719, 3, 393, 399, 184, 4, 0.77%, 20, 0, 22, 2626.89
1543695729, 3, 394, 399, 183, 4, 0.77%, 20, 0, 22, 2728.30
1543695744, 3, 397, 399, 182, 3, 0.77%, 20, 0, 22, 2641.81
1543695882, 3, 397, 400, 183, 3, 0.77%, 20, 0, 23, 2548.22
1543695892, 3, 399, 400, 182, 3, 0.77%, 20, 0, 23, 2645.49
1543696172, 3, 399, 401, 183, 3, 0.77%, 20, 0, 24, 2375.05
1543696182, 3, 400, 401, 182, 3, 0.77%, 20, 0, 24, 2233.69
1543696681, 3, 400, 402, 183, 3, 0.77%, 20, 0, 25, 1928.32
1543696691, 3, 401, 402, 182, 3, 0.77%, 20, 0, 25, 2206.45
1543697429, 4, 219, 402, 180, 2, 0.77%, 20, 0, 25, 2945.63
1543697434, 4, 239, 404, 181, 2, 0.77%, 20, 0, 25, 2773.85
1543697439, 4, 239, 405, 182, 2, 0.77%, 20, 0, 25, 2764.02
1543697450, 4, 322, 405, 180, 5, 0.77%, 20, 0, 25, 2693.97
1543697455, 4, 364, 405, 177, 3, 0.77%, 20, 0, 25, 2757.98
1543697465, 4, 402, 405, 175, 2, 0.77%, 20, 0, 25, 2690.97
1543697470, 4, 402, 406, 176, 2, 0.77%, 20, 0, 25, 2746.72
1543697475, 4, 402, 408, 178, 2, 0.77%, 20, 0, 25, 2691.53
1543697480, 4, 402, 410, 180, 2, 0.77%, 20, 0, 25, 2731.35
1543697485, 4, 404, 410, 179, 5, 0.77%, 20, 0, 25, 2796.09
1543697495, 4, 405, 410, 178, 4, 0.77%, 21, 0, 25, 2829.96
1543697505, 4, 405, 411, 179, 4, 0.77%, 21, 0, 25, 158.34
1543697510, 4, 407, 411, 177, 3, 0.77%, 21, 0, 25, 2707.80
1543697521, 4, 407, 412, 178, 3, 0.77%, 21, 0, 25, 2749.61
1543697526, 4, 407, 414, 180, 3, 0.77%, 21, 0, 25, 2733.78
1543697531, 4, 409, 416, 181, 4, 0.77%, 21, 0, 25, 2398.97
1543697546, 4, 411, 416, 180, 3, 0.77%, 21, 0, 25, 2838.18
1543697556, 4, 411, 417, 181, 3, 0.77%, 21, 0, 25, 189.54
1543697566, 4, 412, 417, 180, 3, 0.77%, 21, 0, 25, 2705.37
1543697587, 4, 414, 417, 179, 2, 0.77%, 21, 0, 25, 2731.91
1543697602, 4, 414, 418, 180, 2, 0.77%, 21, 0, 25, 2668.15
1543697617, 4, 414, 419, 181, 2, 0.77%, 21, 0, 25, 2525.91
1543697623, 4, 417, 419, 179, 2, 0.77%, 21, 0, 25, 329.24
1543697633, 4, 417, 421, 181, 2, 0.77%, 21, 0, 25, 2806.39
1543697648, 4, 418, 421, 180, 2, 0.77%, 21, 0, 25, 2879.66
1543697653, 4, 418, 422, 181, 2, 0.77%, 21, 0, 25, 2849.38
1543697658, 4, 418, 422, 181, 2, 0.77%, 22, 0, 25, 2848.16
1543697663, 4, 420, 422, 180, 2, 0.77%, 22, 0, 25, 2868.03
1543697673, 4, 420, 423, 181, 2, 0.77%, 22, 0, 25, 2854.80
1543697688, 4, 421, 423, 180, 2, 0.77%, 22, 0, 25, 2729.67
1543697693, 4, 421, 424, 181, 2, 0.77%, 22, 0, 25, 2756.48
1543697709, 4, 422, 424, 180, 2, 0.77%, 22, 0, 25, 2528.89
1543697734, 4, 423, 424, 179, 1, 0.77%, 22, 0, 25, 307.60
1543697745, 4, 423, 425, 180, 1, 0.77%, 22, 0, 25, 2848.73
1543697760, 4, 424, 425, 179, 1, 0.77%, 22, 0, 25, 2808.95
1543697770, 4, 424, 426, 180, 1, 0.77%, 22, 0, 25, 2846.10
1543697775, 4, 424, 426, 180, 1, 0.77%, 23, 0, 25, 2848.44
1543697780, 4, 424, 427, 181, 1, 0.77%, 23, 0, 25, 2886.07
1543697785, 4, 425, 427, 180, 2, 0.77%, 23, 0, 25, 2787.05
1543697821, 4, 426, 427, 179, 1, 0.77%, 23, 0, 25, 1964.86
1543697847, 4, 426, 428, 180, 1, 0.77%, 23, 0, 25, 2665.29
1543697857, 4, 426, 429, 181, 1, 0.77%, 23, 0, 25, 2723.52
1543697862, 4, 427, 429, 180, 1, 0.77%, 23, 0, 25, 2648.82
1543697893, 4, 427, 430, 181, 1, 0.77%, 23, 0, 25, 2752.42
1543697908, 4, 429, 430, 180, 1, 0.77%, 23, 0, 25, 126.68
1543697964, 4, 429, 431, 181, 1, 0.77%, 23, 0, 25, 2629.52
1543697985, 4, 430, 431, 180, 1, 0.77%, 23, 0, 25, 289.96
1543698062, 4, 430, 432, 181, 1, 0.77%, 23, 0, 25, 2704.82
1543698072, 4, 431, 432, 180, 1, 0.77%, 24, 0, 25, 2743.44
1543698220, 4, 431, 433, 181, 1, 0.77%, 24, 0, 25, 2654.33
1543698236, 4, 432, 433, 180, 1, 0.77%, 24, 0, 25, 2476.23
1543698425, 4, 432, 434, 181, 1, 0.77%, 24, 0, 25, 2552.73
1543698435, 4, 432, 435, 182, 1, 0.77%, 24, 0, 25, 2588.36
1543698440, 4, 433, 435, 181, 2, 0.77%, 24, 0, 25, 2466.44
1543698696, 4, 433, 436, 182, 2, 0.77%, 24, 0, 25, 2255.30
1543698711, 4, 435, 436, 181, 1, 0.77%, 24, 0, 25, 2584.76
1543698762, 4, 435, 437, 182, 1, 0.88%, 24, 0, 25, 2565.71
1543698793, 4, 435, 439, 184, 1, 0.88%, 24, 0, 25, 2513.28
1543698803, 4, 435, 440, 185, 1, 0.88%, 24, 0, 25, 2621.84
1543698808, 4, 437, 443, 187, 6, 0.89%, 24, 0, 25, 2507.20
1543698813, 4, 437, 444, 188, 6, 0.89%, 24, 0, 25, 2461.52
1543698874, 4, 437, 446, 190, 6, 0.89%, 25, 0, 25, 2498.88
1543698880, 4, 437, 452, 196, 6, 0.89%, 25, 0, 25, 258.94
1543698885, 4, 437, 453, 197, 6, 0.89%, 25, 0, 25, 2565.79
1543698890, 4, 437, 455, 199, 6, 0.89%, 25, 0, 25, 2662.76
1543698895, 4, 438, 457, 200, 8, 0.89%, 25, 0, 25, 2710.68
1543698900, 4, 438, 458, 201, 8, 0.89%, 25, 0, 25, 2768.08
1543698905, 4, 438, 462, 205, 8, 0.89%, 26, 0, 25, 2763.51
1543698910, 4, 438, 466, 209, 8, 0.89%, 27, 0, 25, 2759.39
1543698915, 4, 438, 467, 210, 8, 0.89%, 27, 0, 25, 2668.58
1543698920, 4, 452, 467, 208, 6, 0.89%, 27, 0, 25, 2590.05
1543698987, 4, 452, 467, 208, 6, 0.89%, 28, 0, 25, 2333.51
1543699002, 4, 453, 467, 207, 5, 0.89%, 28, 0, 25, 2653.34
1543699068, 4, 453, 468, 208, 5, 0.89%, 28, 0, 25, 2623.56
1543699073, 4, 453, 469, 209, 5, 0.89%, 28, 0, 25, 2639.38
1543699084, 4, 463, 469, 208, 5, 0.89%, 28, 0, 25, 2715.02
1543699089, 4, 463, 470, 209, 5, 0.89%, 28, 0, 25, 2771.48
1543699094, 4, 463, 475, 214, 5, 0.89%, 28, 0, 25, 2712.36
1543699099, 4, 463, 475, 214, 5, 0.89%, 29, 0, 25, 2675.49
1543699104, 4, 463, 477, 216, 5, 0.89%, 29, 0, 25, 2749.84
1543699109, 4, 465, 477, 215, 6, 0.89%, 29, 0, 25, 2758.72
1543699119, 4, 467, 477, 214, 5, 0.89%, 29, 0, 25, 2549.04
1543699186, 4, 473, 477, 213, 3, 0.89%, 29, 0, 25, 2708.86
1543699191, 4, 473, 479, 215, 3, 0.89%, 29, 0, 26, 2730.09
1543699196, 4, 473, 480, 216, 3, 0.89%, 29, 0, 26, 2722.89
1543699206, 4, 479, 481, 216, 4, 0.89%, 29, 0, 26, 2386.51
1543699211, 4, 479, 482, 217, 4, 0.89%, 29, 0, 27, 2707.24
1543699221, 4, 480, 482, 216, 4, 0.89%, 29, 0, 27, 2739.56
1543699226, 4, 480, 485, 219, 4, 0.89%, 29, 0, 27, 2703.70
1543699242, 4, 481, 485, 218, 5, 0.89%, 29, 0, 27, 2733.86
1543699247, 4, 481, 486, 219, 5, 0.89%, 30, 0, 28, 2725.95
1543699262, 4, 484, 486, 218, 4, 0.89%, 30, 0, 28, 2714.59
1543699272, 4, 485, 487, 218, 3, 0.89%, 30, 0, 29, 2728.62
1543699277, 4, 485, 488, 219, 3, 0.89%, 30, 0, 29, 2747.65
1543699287, 5, 355, 488, 217, 2, 0.89%, 30, 0, 29, 2769.82
1543699323, 5, 377, 488, 216, 1, 0.89%, 30, 0, 29, 2675.01
1543699333, 5, 392, 488, 215, 0, 0.89%, 30, 0, 29, 2633.35
1543699405, 5, 395, 488, 214, 0, 0.89%, 30, 0, 29, 2381.74
1543699436, 5, 428, 488, 211, 0, 0.89%, 30, 0, 29, 2687.53
1543699476, 5, 434, 488, 210, 0, 0.89%, 30, 0, 29, 2722.79
1543699517, 5, 446, 488, 208, 0, 0.89%, 30, 0, 29, 2533.75
1543699583, 5, 446, 489, 209, 0, 0.89%, 30, 0, 29, 2533.83
1543699594, 5, 446, 490, 210, 0, 0.89%, 30, 0, 29, 393.48
1543699604, 5, 489, 490, 209, 2, 0.89%, 30, 0, 29, 443.40
1543699676, 5, 489, 493, 212, 2, 0.89%, 30, 0, 29, 2477.23
1543699686, 5, 489, 494, 213, 2, 0.89%, 30, 0, 29, 2624.36
1543699691, 5, 490, 494, 212, 5, 0.89%, 30, 0, 29, 2537.17
1543699768, 5, 490, 495, 213, 5, 0.89%, 30, 0, 29, 2452.67
1543699773, 5, 490, 496, 214, 5, 0.89%, 30, 0, 29, 2689.18
1543699778, 5, 492, 496, 213, 4, 0.89%, 30, 0, 29, 2425.81
1543699890, 5, 493, 496, 212, 3, 0.89%, 30, 0, 29, 2661.38
1543699905, 5, 493, 498, 214, 3, 0.89%, 30, 0, 29, 2708.98
1543699910, 5, 493, 500, 216, 3, 0.89%, 30, 0, 29, 2695.10
1543699926, 5, 494, 500, 215, 5, 0.89%, 30, 0, 29, 2622.55
1543699951, 5, 494, 501, 216, 5, 0.89%, 30, 0, 29, 2602.59
1543699956, 5, 494, 503, 218, 5, 0.89%, 30, 0, 29, 2642.46
1543699971, 5, 495, 503, 217, 5, 0.89%, 30, 0, 29, 2541.62
1543700048, 5, 498, 503, 216, 4, 0.89%, 30, 0, 29, 2721.99
1543700058, 5, 498, 505, 218, 4, 0.89%, 30, 0, 29, 2701.12
1543700073, 5, 499, 505, 217, 4, 0.89%, 30, 0, 29, 2679.83
1543700094, 5, 499, 506, 218, 4, 0.89%, 30, 0, 29, 2773.60
1543700104, 5, 499, 507, 219, 4, 0.89%, 30, 0, 29, 2612.60
1543700114, 5, 502, 507, 218, 5, 0.89%, 30, 0, 29, 2692.53
1543700150, 5, 502, 512, 223, 5, 0.89%, 30, 0, 29, 2599.71
1543700160, 5, 503, 512, 222, 5, 0.89%, 30, 0, 29, 2601.51
1543700181, 5, 505, 513, 222, 4, 0.89%, 30, 0, 29, 2733.62
1543700186, 5, 506, 513, 221, 4, 0.89%, 30, 0, 29, 2698.78
1543700216, 5, 506, 514, 222, 4, 0.89%, 30, 0, 29, 273.22
1543700221, 5, 507, 514, 221, 4, 0.89%, 30, 0, 29, 2680.31
1543700262, 5, 507, 515, 222, 4, 0.89%, 30, 0, 30, 2686.85
1543700277, 5, 513, 515, 220, 3, 0.89%, 30, 0, 30, 2630.92
1543700338, 5, 514, 515, 219, 2, 0.89%, 30, 0, 30, 430.74
1543700384, 5, 514, 515, 219, 2, 0.89%, 31, 0, 30, 366.70
1543700399, 6, 375, 518, 219, 1, 0.89%, 31, 0, 30, 2754.55
1543700404, 7, 68, 518, 208, 0, 0.89%, 31, 0, 30, 2743.96
1543700410, 7, 181, 518, 191, 0, 0.89%, 31, 0, 30, 2750.98
1543700415, 7, 216, 518, 190, 0, 0.89%, 31, 0, 30, 2782.15
1543700420, 7, 257, 518, 187, 0, 0.89%, 31, 0, 30, 2787.10
1543700430, 7, 257, 519, 188, 0, 0.89%, 31, 0, 30, 2752.10
1543700435, 7, 518, 519, 187, 1, 0.89%, 32, 0, 30, 2742.89
1543700450, 7, 518, 520, 188, 1, 0.89%, 32, 0, 30, 180.00
1543700466, 8, 182, 520, 175, 0, 0.89%, 32, 0, 30, 1484.78
1543700471, 8, 256, 520, 172, 0, 0.89%, 32, 0, 30, 2481.34
1543700476, 8, 256, 522, 174, 0, 0.89%, 32, 0, 30, 2652.83
1543700486, 8, 521, 523, 174, 1, 0.89%, 32, 0, 30, 2639.38
1543700512, 8, 521, 524, 175, 1, 0.89%, 32, 0, 30, 2639.38
1543700527, 8, 523, 524, 174, 1, 0.89%, 32, 0, 30, 2199.00
1543700548, 8, 523, 525, 175, 1, 0.89%, 32, 0, 30, 2362.50
1543700563, 8, 524, 525, 174, 1, 0.89%, 32, 0, 30, 1790.11
1543700855, 9, 79, 525, 165, 0, 0.89%, 32, 0, 30, 2479.35
1543700860, 9, 183, 525, 158, 0, 0.89%, 32, 0, 30, 2628.01
1543700865, 9, 195, 525, 157, 0, 0.89%, 32, 0, 30, 2754.45
1543700870, 9, 230, 525, 155, 0, 0.89%, 32, 0, 30, 2600.00
1543700875, 9, 294, 525, 150, 0, 0.89%, 32, 0, 30, 289.75
1543700885, 9, 297, 525, 149, 0, 0.89%, 32, 0, 30, 2623.23
1543700896, 9, 337, 525, 146, 0, 0.89%, 32, 0, 30, 2710.07
1543700921, 9, 339, 525, 144, 0, 0.89%, 32, 0, 30, 2695.93
1543700931, 9, 371, 525, 140, 0, 0.89%, 32, 0, 30, 2698.45
1543700951, 9, 413, 525, 139, 0, 0.89%, 32, 0, 30, 2594.48
1543700972, 9, 447, 525, 138, 0, 0.89%, 32, 0, 30, 2436.14
1543701054, 9, 474, 525, 134, 0, 0.89%, 32, 0, 30, 962.33
1543701079, 9, 477, 525, 133, 0, 0.89%, 32, 0, 30, 2804.74
1543701099, 9, 516, 525, 130, 0, 0.89%, 32, 0, 30, 2785.76
1543701104, 9, 519, 525, 129, 0, 0.89%, 32, 0, 30, 2664.99
1543701140, 9, 525, 526, 130, 1, 0.89%, 32, 0, 30, 2657.98
1543701156, 9, 525, 527, 131, 1, 0.89%, 32, 0, 30, 2755.18
1543701176, 10, 139, 527, 123, 0, 0.89%, 32, 0, 30, 2766.09
1543701181, 10, 148, 527, 123, 0, 0.89%, 32, 0, 30, 319.75
1543701186, 10, 228, 527, 119, 0, 0.89%, 32, 0, 30, 2865.64
1543701191, 10, 249, 527, 119, 0, 0.89%, 32, 0, 30, 2801.28
1543701196, 10, 300, 527, 116, 0, 0.89%, 32, 0, 30, 2838.46
1543701201, 10, 389, 527, 114, 0, 0.89%, 32, 0, 30, 2461.01
1543701344, 10, 419, 527, 114, 0, 0.89%, 32, 0, 30, 2593.43
1543701360, 10, 441, 527, 113, 0, 0.89%, 32, 0, 30, 184.67
1543701365, 10, 441, 528, 114, 0, 0.89%, 32, 0, 30, 2467.11
1543701437, 10, 441, 528, 114, 0, 0.89%, 33, 0, 30, 2459.94
1543701447, 11, 96, 528, 108, 0, 0.89%, 33, 0, 30, 2603.39
1543701452, 11, 189, 528, 105, 0, 0.89%, 33, 0, 30, 2695.16
1543701457, 11, 318, 528, 100, 0, 0.89%, 33, 0, 30, 2686.90
1543701467, 11, 336, 528, 97, 0, 0.89%, 33, 0, 30, 2757.50
1543701488, 11, 344, 528, 96, 0, 0.89%, 33, 0, 30, 2774.59
1543701493, 11, 344, 529, 97, 0, 0.89%, 33, 0, 30, 2832.08
1543701503, 12, 182, 529, 86, 0, 0.89%, 33, 0, 30, 2754.82
1543701508, 12, 220, 529, 86, 0, 0.89%, 33, 0, 30, 2756.34
1543701513, 12, 249, 529, 86, 0, 0.89%, 33, 0, 30, 2733.75
1543701518, 12, 529, 530, 87, 1, 0.91%, 33, 0, 30, 2725.54
1543701523, 13, 23, 530, 86, 0, 0.91%, 33, 0, 30, 2747.42
1543701528, 13, 178, 530, 83, 0, 0.91%, 33, 0, 30, 2792.71
1543701533, 13, 189, 530, 83, 0, 0.91%, 33, 0, 30, 2755.87
1543701538, 13, 249, 530, 82, 0, 0.91%, 33, 0, 30, 2722.92
1543701543, 13, 282, 530, 82, 0, 0.91%, 33, 0, 30, 2660.09
1543701553, 13, 289, 530, 81, 0, 0.91%, 33, 0, 30, 2722.83
1543701559, 13, 315, 530, 80, 0, 0.91%, 33, 0, 30, 2748.49
1543701569, 13, 350, 530, 78, 0, 0.91%, 33, 0, 30, 2744.91
1543701594, 13, 352, 530, 77, 0, 0.91%, 33, 0, 30, 2720.10
1543701687, 13, 352, 531, 78, 0, 0.91%, 33, 0, 30, 200.00
1543701697, 13, 451, 531, 76, 1, 0.91%, 33, 0, 30, 193.45
1543701778, 13, 530, 531, 74, 1, 0.91%, 33, 0, 30, 2661.31
1543701793, 14, 180, 531, 70, 0, 0.91%, 33, 0, 30, 2555.47
1543701799, 14, 182, 531, 70, 0, 0.91%, 33, 0, 30, 2669.02
1543701804, 14, 396, 532, 71, 1, 0.91%, 33, 0, 30, 2516.68
1543701859, 14, 396, 533, 72, 1, 0.91%, 33, 0, 30, 2442.40
1543701875, 14, 532, 533, 69, 1, 0.91%, 33, 0, 30, 2144.86
1543701992, 15, 180, 533, 66, 0, 0.91%, 33, 0, 30, 2654.20
1543701997, 15, 181, 533, 66, 0, 0.91%, 33, 0, 30, 2685.59
1543702002, 15, 182, 533, 66, 0, 0.91%, 33, 0, 30, 2731.63
1543702007, 15, 189, 533, 66, 0, 0.91%, 33, 0, 30, 2731.96
1543702013, 15, 193, 533, 66, 0, 0.91%, 33, 0, 30, 212.01
1543702018, 15, 249, 533, 66, 0, 0.91%, 33, 0, 30, 2652.93
1543702023, 15, 353, 533, 65, 0, 0.91%, 33, 0, 30, 2421.92
1543702130, 15, 354, 533, 65, 0, 0.91%, 33, 0, 30, 2620.92
1543702135, 15, 368, 533, 65, 0, 0.91%, 33, 0, 30, 255.92
1543702145, 15, 378, 533, 64, 0, 0.91%, 33, 0, 30, 2800.13
1543702161, 15, 385, 533, 63, 0, 0.91%, 33, 0, 30, 2735.67
1543702196, 15, 455, 534, 62, 0, 0.91%, 33, 0, 30, 2635.84
1543702211, 15, 466, 534, 62, 1, 0.91%, 34, 0, 30, 2657.37
1543702237, 16, 178, 534, 60, 0, 0.91%, 34, 0, 30, 2704.21
1543702242, 16, 181, 534, 60, 0, 0.91%, 34, 0, 30, 2688.66
1543702247, 16, 182, 534, 60, 0, 0.91%, 34, 0, 30, 2610.66
1543702252, 16, 188, 534, 60, 0, 0.91%, 34, 0, 30, 2647.10
1543702257, 16, 193, 534, 60, 0, 0.91%, 34, 0, 30, 2692.73
1543702262, 16, 534, 535, 61, 1, 0.91%, 34, 0, 30, 2719.41
1543702272, 17, 79, 535, 60, 0, 0.91%, 34, 0, 30, 2736.25
1543702278, 17, 180, 535, 60, 0, 0.91%, 34, 0, 30, 2751.15
1543702283, 17, 181, 535, 60, 0, 0.91%, 34, 0, 30, 2717.71
1543702288, 17, 182, 535, 60, 0, 0.91%, 34, 0, 30, 2693.11
1543702293, 17, 188, 535, 60, 0, 0.91%, 34, 0, 30, 2676.02
1543702298, 17, 189, 535, 60, 0, 0.91%, 34, 0, 30, 2663.23
1543702303, 17, 215, 535, 60, 0, 0.91%, 34, 0, 30, 2660.91
1543702308, 17, 240, 536, 61, 0, 0.91%, 34, 0, 30, 2691.13
1543702313, 17, 468, 536, 59, 1, 0.91%, 34, 0, 30, 2262.11
1543702399, 17, 468, 537, 60, 1, 0.91%, 34, 0, 30, 2444.74
1543702415, 17, 535, 538, 60, 2, 0.92%, 34, 0, 30, 2662.60
1543702425, 17, 536, 538, 59, 2, 0.92%, 34, 0, 30, 2289.64
1543702471, 17, 536, 540, 61, 2, 0.92%, 34, 0, 30, 2239.93
1543702502, 17, 536, 540, 61, 2, 0.92%, 35, 0, 30, 2426.75
1543702517, 17, 536, 541, 62, 2, 0.92%, 35, 0, 30, 2475.86
1543702527, 17, 537, 542, 62, 3, 0.92%, 35, 0, 30, 2690.64
1543702537, 17, 537, 543, 63, 3, 0.93%, 35, 0, 30, 2681.35
1543702542, 17, 538, 543, 62, 4, 0.93%, 35, 0, 30, 2512.65
1543702624, 17, 538, 543, 62, 4, 0.93%, 36, 0, 30, 2390.90
1543702634, 17, 538, 545, 64, 4, 0.93%, 36, 0, 30, 2434.81
1543702649, 17, 540, 545, 63, 5, 0.93%, 36, 0, 30, 2587.64
1543702679, 17, 540, 545, 63, 5, 0.93%, 37, 0, 30, 2643.97
1543702684, 17, 540, 548, 66, 5, 0.93%, 37, 0, 30, 2665.49
1543702695, 17, 541, 548, 65, 5, 0.93%, 37, 0, 30, 2700.21
1543702705, 17, 542, 549, 65, 4, 0.93%, 37, 0, 30, 476.72
1543702710, 17, 542, 551, 67, 4, 0.94%, 37, 0, 30, 2725.81
1543702715, 17, 542, 552, 68, 4, 0.94%, 37, 0, 30, 2716.78
1543702720, 17, 542, 553, 69, 4, 0.94%, 37, 0, 30, 2724.44
1543702725, 17, 543, 553, 68, 8, 0.94%, 37, 0, 30, 2435.57
1543702741, 17, 543, 554, 69, 8, 0.94%, 37, 0, 30, 2504.96
1543702802, 17, 543, 555, 70, 8, 0.94%, 40, 0, 30, 2088.60
1543702807, 17, 543, 555, 70, 8, 0.94%, 41, 0, 30, 1520.59
1543702812, 17, 543, 555, 70, 8, 0.94%, 42, 0, 30, 2357.44
1543702817, 17, 546, 555, 69, 8, 0.94%, 42, 0, 30, 2498.34
1543702848, 17, 546, 555, 69, 8, 0.94%, 43, 0, 30, 2735.06
1543702863, 17, 549, 557, 69, 6, 0.94%, 43, 0, 30, 2768.54
1543702868, 17, 549, 558, 70, 6, 0.94%, 43, 0, 30, 2676.14
1543702873, 17, 549, 561, 73, 6, 0.94%, 43, 0, 30, 2644.20
1543702878, 17, 550, 561, 72, 5, 0.94%, 43, 0, 30, 2705.35
1543702894, 17, 551, 561, 71, 4, 0.94%, 43, 0, 30, 182.43
1543702904, 17, 554, 561, 69, 2, 0.94%, 43, 0, 30, 2655.19
1543702991, 17, 554, 562, 70, 2, 0.94%, 43, 0, 30, 2453.79
1543703011, 17, 556, 562, 68, 3, 0.94%, 43, 0, 30, 2862.29
1543703021, 17, 556, 566, 72, 3, 0.95%, 43, 0, 30, 2769.25
1543703032, 17, 563, 566, 70, 3, 0.95%, 43, 0, 30, 2753.84
1543703037, 17, 563, 567, 71, 3, 0.95%, 43, 0, 30, 226.33
1543703042, 17, 563, 573, 77, 3, 0.97%, 43, 0, 30, 2274.25
1543703057, 17, 564, 573, 76, 8, 0.97%, 43, 0, 30, 2717.33
1543703073, 17, 567, 573, 75, 7, 0.97%, 43, 0, 30, 2773.78
1543703083, 17, 567, 574, 76, 7, 0.97%, 43, 0, 30, 2765.33
1543703098, 17, 568, 574, 75, 7, 0.97%, 43, 0, 30, 2838.67
1543703108, 17, 568, 575, 76, 7, 0.97%, 43, 0, 30, 2335.00
1543703113, 17, 568, 576, 77, 7, 0.97%, 43, 0, 30, 2594.05
1543703124, 17, 569, 576, 76, 8, 0.97%, 43, 0, 30, 2641.39
1543703144, 17, 570, 577, 76, 7, 0.97%, 43, 0, 30, 2720.04
1543703154, 17, 570, 580, 79, 7, 0.97%, 43, 0, 30, 2823.98
1543703159, 17, 570, 581, 80, 7, 0.98%, 43, 0, 30, 2777.99
1543703169, 17, 571, 581, 79, 9, 0.98%, 43, 0, 30, 2746.18
1543703185, 17, 571, 584, 82, 9, 0.98%, 43, 0, 30, 2680.93
1543703190, 17, 571, 586, 84, 9, 0.98%, 43, 0, 30, 2726.34
1543703195, 17, 572, 586, 83, 10, 0.98%, 43, 0, 30, 2815.90
1543703205, 17, 572, 587, 84, 10, 0.98%, 43, 0, 30, 315.02
1543703215, 17, 573, 587, 83, 9, 0.98%, 43, 0, 30, 2705.45
1543703256, 17, 573, 588, 84, 9, 0.98%, 43, 0, 30, 2675.86
1543703272, 17, 576, 588, 83, 9, 0.98%, 43, 0, 30, 2824.15
1543703282, 17, 576, 589, 84, 9, 0.98%, 43, 0, 30, 2878.59
1543703292, 17, 576, 590, 85, 9, 0.98%, 43, 0, 30, 2858.36
1543703297, 17, 578, 590, 84, 9, 0.98%, 43, 0, 30, 2894.87
1543703317, 17, 580, 590, 83, 8, 0.98%, 43, 0, 30, 2839.06
1543703333, 17, 580, 593, 86, 8, 0.98%, 43, 0, 30, 2838.03
1543703338, 17, 580, 595, 88, 8, 0.98%, 43, 0, 30, 2858.41
1543703343, 17, 580, 596, 89, 8, 0.98%, 43, 0, 30, 2861.22
1543703348, 17, 581, 596, 88, 8, 0.98%, 43, 0, 30, 2702.29
1543703363, 17, 581, 599, 91, 8, 0.98%, 43, 0, 30, 2774.88
1543703379, 17, 581, 600, 92, 8, 0.98%, 43, 0, 30, 2644.77
1543703537, 17, 581, 605, 97, 8, 0.98%, 43, 0, 30, 2586.58
1543703542, 17, 581, 607, 99, 8, 0.98%, 43, 0, 30, 2666.06
1543703547, 17, 581, 608, 100, 8, 0.98%, 43, 0, 30, 2650.54
1543703553, 17, 583, 609, 100, 11, 0.98%, 43, 0, 30, 2757.35
1543703573, 17, 583, 611, 102, 11, 0.98%, 43, 0, 30, 2782.68
1543703583, 17, 586, 611, 101, 11, 0.98%, 43, 0, 30, 2837.23
1543703603, 17, 587, 611, 100, 10, 0.98%, 43, 0, 30, 2829.75
1543703650, 17, 587, 612, 101, 10, 0.98%, 43, 0, 30, 2780.15
1543703665, 17, 588, 612, 100, 10, 0.98%, 43, 0, 30, 2804.50
1543703675, 17, 588, 614, 102, 10, 0.98%, 43, 0, 30, 2849.64
1543703691, 17, 591, 614, 101, 12, 0.98%, 43, 0, 30, 2729.29
1543703721, 17, 595, 614, 100, 11, 0.98%, 43, 0, 30, 2870.89
1543703737, 17, 595, 616, 102, 11, 0.99%, 43, 0, 30, 2955.36
1543703742, 17, 595, 618, 104, 11, 0.99%, 43, 0, 30, 2916.67
1543703752, 17, 600, 618, 102, 9, 0.99%, 43, 0, 30, 80.75
1543703757, 17, 600, 619, 103, 9, 0.99%, 43, 0, 30, 159.42
1543703773, 17, 600, 620, 104, 9, 0.99%, 43, 0, 30, 2556.67
1543703783, 17, 600, 622, 106, 9, 0.99%, 43, 0, 30, 2500.00
1543703793, 17, 600, 623, 107, 9, 0.99%, 43, 0, 30, 2563.15
1543703941, 17, 600, 628, 112, 9, 0.99%, 43, 0, 30, 2645.21
1543703946, 17, 600, 630, 114, 9, 0.99%, 43, 0, 30, 2521.61
1543703951, 17, 600, 631, 115, 9, 0.99%, 43, 0, 30, 2731.59
1543703956, 17, 603, 631, 114, 12, 0.99%, 43, 0, 30, 116.48
1543703982, 17, 603, 632, 115, 12, 0.99%, 43, 0, 30, 2518.75
1543704089, 17, 603, 633, 116, 12, 0.99%, 43, 0, 30, 2519.03
1543704094, 17, 603, 634, 117, 12, 0.99%, 43, 0, 30, 2651.71
1543704104, 17, 606, 634, 116, 15, 0.99%, 43, 0, 30, 2575.56
1543704130, 17, 606, 635, 117, 15, 0.99%, 43, 0, 30, 2480.71
1543704288, 17, 608, 635, 116, 15, 0.99%, 43, 0, 30, 2619.08
1543704324, 17, 608, 636, 117, 15, 0.99%, 43, 0, 30, 2682.44
1543704339, 17, 612, 636, 116, 14, 0.99%, 43, 0, 30, 967.80
1543704360, 17, 612, 637, 117, 14, 0.99%, 43, 0, 30, 2742.13
1543704370, 17, 613, 637, 116, 14, 0.99%, 43, 0, 30, 2722.85
1543704380, 17, 613, 638, 117, 14, 0.99%, 43, 0, 30, 2722.46
1543704396, 17, 615, 638, 116, 12, 0.99%, 43, 0, 30, 2774.16
1543704432, 17, 618, 638, 115, 11, 0.99%, 43, 0, 30, 2346.28
1543704452, 17, 618, 639, 116, 11, 0.99%, 43, 0, 30, 1090.32
1543704615, 17, 618, 641, 118, 11, 1.00%, 43, 0, 30, 2519.54
1543704620, 17, 618, 642, 119, 11, 1.00%, 43, 0, 30, 2604.58
1543704630, 17, 625, 643, 119, 12, 1.00%, 43, 0, 30, 2477.90
1543704661, 17, 625, 644, 120, 12, 1.00%, 43, 0, 30, 2515.31
1543704820, 17, 625, 645, 121, 12, 1.00%, 43, 0, 30, 2478.70
1543704830, 17, 627, 646, 121, 14, 1.00%, 43, 0, 30, 2376.64
1543704871, 17, 627, 647, 122, 14, 1.00%, 43, 0, 30, 2480.35
1543705066, 17, 627, 650, 125, 14, 1.00%, 43, 0, 30, 2349.82
1543705076, 17, 627, 651, 126, 14, 1.00%, 43, 0, 30, 2452.28
1543705086, 17, 629, 651, 125, 17, 1.00%, 43, 0, 30, 2454.69
1543705285, 17, 629, 655, 129, 17, 1.00%, 43, 0, 30, 2508.36
1543705295, 17, 631, 656, 129, 17, 1.00%, 43, 0, 30, 2506.80
1543705316, 17, 631, 657, 130, 17, 1.00%, 43, 0, 30, 2550.64
1543705433, 17, 631, 658, 131, 17, 1.00%, 43, 0, 30, 2464.53
1543705444, 17, 631, 659, 132, 17, 1.00%, 43, 0, 30, 2583.29
1543705449, 17, 632, 659, 131, 18, 1.00%, 43, 0, 30, 316.77
1543705475, 17, 632, 660, 132, 18, 1.00%, 43, 0, 30, 988.87
1543705566, 17, 637, 660, 130, 16, 1.00%, 43, 0, 30, 2614.41
1543705587, 17, 637, 662, 132, 16, 1.00%, 43, 0, 30, 2683.23
1543705592, 17, 637, 664, 134, 16, 1.00%, 43, 0, 30, 759.84
1543705597, 17, 640, 664, 133, 15, 1.00%, 43, 0, 30, 1908.88
1543705786, 17, 640, 665, 134, 15, 1.00%, 43, 0, 30, 2476.19
1543705791, 17, 640, 666, 135, 15, 1.01%, 43, 0, 30, 2494.06
1543705801, 17, 641, 666, 134, 15, 1.01%, 43, 0, 30, 2243.91
1543706180, 17, 641, 669, 137, 15, 1.01%, 43, 0, 30, 2349.94
1543706190, 17, 641, 670, 138, 15, 1.01%, 43, 0, 30, 2398.92
1543706195, 17, 642, 670, 137, 15, 1.01%, 43, 0, 30, 2222.27
1543706383, 17, 643, 670, 136, 14, 1.01%, 43, 0, 30, 2422.05
1543706577, 17, 643, 671, 137, 14, 1.01%, 43, 0, 30, 2454.08
1543706582, 17, 643, 672, 138, 14, 1.01%, 43, 0, 30, 2490.83
1543706588, 17, 643, 673, 139, 14, 1.01%, 43, 0, 30, 2536.84
1543706593, 17, 647, 673, 138, 14, 1.01%, 43, 0, 30, 2356.12
1543706920, 17, 647, 674, 139, 14, 1.01%, 43, 0, 30, 2337.81
1543706925, 17, 647, 675, 140, 14, 1.01%, 43, 0, 30, 2427.02
1543706935, 17, 648, 675, 139, 13, 1.01%, 43, 0, 30, 2328.10
1543707211, 17, 650, 675, 138, 12, 1.01%, 43, 0, 30, 2382.95
1543707283, 17, 650, 676, 139, 12, 1.01%, 43, 0, 30, 125.00
1543707643, 17, 650, 677, 140, 12, 1.01%, 43, 0, 30, 1853.68
1543707648, 17, 650, 678, 141, 12, 1.01%, 43, 0, 30, 2284.79
1543707658, 17, 651, 678, 140, 13, 1.01%, 43, 0, 30, 2313.19
1543707995, 17, 651, 679, 141, 13, 1.01%, 43, 0, 30, 2297.93
1543708000, 17, 651, 681, 143, 13, 1.01%, 43, 0, 30, 215.43
1543708015, 17, 652, 681, 142, 15, 1.01%, 43, 0, 30, 943.20
1543708328, 17, 652, 682, 143, 15, 1.01%, 43, 0, 30, 2255.07
1543708334, 17, 652, 683, 144, 15, 1.01%, 43, 0, 30, 248.81
1543708339, 17, 652, 684, 145, 15, 1.01%, 43, 0, 30, 2398.26
1543708344, 17, 652, 685, 146, 15, 1.01%, 43, 0, 30, 2521.72
1543708349, 17, 655, 685, 145, 15, 1.01%, 43, 0, 30, 2386.08
1543708651, 17, 656, 685, 144, 14, 1.01%, 43, 0, 30, 2375.52
1543708693, 17, 656, 686, 145, 14, 1.01%, 43, 0, 30, 145.80
1543708816, 17, 656, 691, 150, 14, 1.01%, 43, 0, 30, 2474.24
1543708826, 17, 657, 691, 149, 14, 1.01%, 43, 0, 30, 2103.21
1543708979, 17, 657, 693, 151, 14, 1.01%, 43, 0, 30, 2388.38
1543708995, 17, 658, 693, 150, 14, 1.01%, 43, 0, 30, 1125.99
1543709260, 17, 658, 695, 152, 14, 1.01%, 43, 0, 30, 2422.83
1543709276, 17, 659, 695, 151, 13, 1.01%, 43, 0, 30, 125.70
1543709383, 17, 659, 696, 152, 13, 1.01%, 43, 0, 30, 2513.02
1543709398, 17, 660, 696, 151, 13, 1.01%, 43, 0, 30, 2559.27
1543709424, 17, 665, 697, 151, 13, 1.01%, 43, 0, 30, 2407.56
1543709711, 17, 672, 697, 150, 12, 1.01%, 43, 0, 30, 2395.83
1543709906, 17, 676, 697, 148, 10, 1.01%, 43, 0, 30, 96.90
1543710340, 17, 676, 698, 149, 10, 1.01%, 43, 0, 30, 2387.12
1543710350, 17, 679, 698, 148, 10, 1.01%, 43, 0, 30, 2304.26
1543710427, 17, 679, 699, 149, 10, 1.01%, 43, 0, 30, 193.62
1543710841, 17, 680, 699, 148, 10, 1.01%, 43, 0, 30, 2173.02
1543710862, 17, 680, 700, 149, 10, 1.01%, 43, 0, 30, 1875.60
1543711405, 17, 680, 701, 150, 10, 1.01%, 43, 0, 30, 809.87
1543711410, 17, 680, 705, 154, 10, 1.01%, 43, 0, 30, 2163.39
1543711430, 17, 683, 705, 153, 12, 1.01%, 43, 0, 30, 148.11
1543711854, 17, 683, 706, 154, 12, 1.01%, 43, 0, 30, 2042.04
1543711859, 17, 683, 708, 156, 12, 1.01%, 43, 0, 30, 2384.98
1543711864, 17, 683, 710, 158, 12, 1.01%, 43, 0, 30, 2415.65
1543711874, 17, 684, 710, 157, 11, 1.01%, 43, 0, 30, 2105.68
1543712274, 17, 685, 710, 156, 10, 1.01%, 43, 0, 30, 2438.53
1543712423, 17, 691, 710, 155, 9, 1.01%, 43, 0, 30, 2489.57
1543712596, 17, 695, 711, 155, 9, 1.01%, 43, 0, 30, 2269.53
1543712811, 17, 695, 712, 156, 9, 1.01%, 43, 0, 30, 2443.51
1543712832, 17, 696, 712, 155, 9, 1.01%, 43, 0, 30, 2124.93
1543712949, 17, 697, 712, 154, 8, 1.01%, 43, 0, 30, 2038.25
1543713263, 17, 697, 713, 155, 8, 1.01%, 43, 0, 30, 1928.48
1543713371, 17, 698, 713, 154, 8, 1.01%, 43, 0, 30, 1763.54
1543713376, 17, 707, 714, 154, 7, 1.01%, 43, 0, 30, 1994.36
1543713986, 17, 707, 717, 157, 7, 1.01%, 43, 0, 30, 2250.33
1543714001, 17, 710, 717, 156, 7, 1.01%, 43, 0, 30, 2201.52
1543714906, 17, 711, 717, 155, 6, 1.01%, 43, 0, 30, 2373.08
1543715167, 17, 711, 719, 157, 6, 1.01%, 43, 0, 30, 2402.10
1543715177, 17, 711, 720, 158, 6, 1.01%, 43, 0, 30, 2518.31
1543715182, 17, 714, 720, 156, 6, 1.01%, 43, 0, 30, 2144.84
1543715192, 17, 714, 721, 157, 6, 1.01%, 43, 0, 30, 1817.43
1543715223, 17, 714, 722, 158, 6, 1.01%, 43, 0, 30, 1751.89
1543715781, 17, 714, 723, 159, 6, 1.01%, 43, 0, 30, 79.14
1543715792, 17, 714, 724, 160, 6, 1.01%, 43, 0, 30, 2278.65
1543715797, 17, 714, 727, 163, 6, 1.01%, 43, 0, 30, 2385.17
1543715802, 17, 716, 727, 162, 8, 1.01%, 43, 0, 30, 2367.57
1543716385, 17, 716, 730, 165, 8, 1.01%, 43, 0, 30, 2301.22
1543716390, 17, 716, 731, 166, 8, 1.01%, 43, 0, 30, 2404.59
1543716400, 17, 718, 731, 165, 8, 1.01%, 43, 0, 30, 2275.57
1543716926, 17, 718, 732, 166, 8, 1.01%, 43, 0, 30, 2300.04
1543716932, 17, 718, 736, 170, 8, 1.01%, 43, 0, 30, 2417.49
1543716937, 17, 719, 736, 169, 10, 1.01%, 43, 0, 30, 2345.19
1543717365, 17, 720, 736, 168, 9, 1.01%, 43, 0, 30, 85.91
1543717983, 17, 720, 737, 169, 9, 1.01%, 43, 0, 30, 2137.69
1543717999, 17, 720, 738, 170, 9, 1.01%, 43, 0, 30, 2433.35
1543718004, 17, 727, 739, 170, 6, 1.01%, 43, 0, 30, 1804.42
1543718756, 17, 727, 743, 174, 6, 1.01%, 43, 0, 30, 2147.70
1543718766, 17, 727, 745, 176, 6, 1.01%, 43, 0, 30, 2323.39
1543718771, 17, 731, 745, 175, 9, 1.01%, 43, 0, 30, 1672.88
1543719890, 17, 731, 746, 176, 9, 1.01%, 43, 0, 30, 1582.92
1543719906, 17, 733, 747, 176, 9, 1.01%, 43, 0, 30, 2233.61
1543720280, 17, 735, 747, 175, 8, 1.01%, 43, 0, 30, 2312.04
1543720756, 17, 736, 747, 174, 7, 1.01%, 43, 0, 30, 1574.01
1543721484, 17, 736, 748, 175, 7, 1.01%, 43, 0, 30, 96.54
1543721515, 17, 744, 748, 174, 5, 1.01%, 43, 0, 30, 1396.47
1543723140, 17, 744, 754, 180, 5, 1.01%, 43, 0, 30, 1637.10
1543723145, 17, 744, 759, 185, 5, 1.01%, 43, 0, 30, 2011.63
1543723160, 17, 745, 759, 184, 6, 1.01%, 43, 0, 30, 2094.19
1543724537, 17, 746, 759, 183, 5, 1.01%, 43, 0, 30, 1916.48
1543725436, 17, 746, 761, 185, 5, 1.01%, 43, 0, 30, 1941.61
1543725446, 17, 746, 762, 186, 5, 1.01%, 43, 0, 30, 2179.94
1543725456, 17, 747, 762, 185, 5, 1.01%, 43, 0, 30, 1927.56
1543726996, 17, 747, 765, 188, 5, 1.01%, 43, 0, 30, 1886.95
1543727001, 17, 747, 766, 189, 5, 1.01%, 43, 0, 30, 1986.75
1543727016, 17, 751, 766, 188, 5, 1.01%, 43, 0, 30, 1946.22
1543728633, 17, 751, 767, 189, 5, 1.01%, 43, 0, 30, 1971.49
1543728638, 17, 751, 768, 190, 5, 1.01%, 43, 0, 30, 2094.28
1543728643, 17, 751, 769, 191, 5, 1.01%, 43, 0, 30, 2105.92
1543728648, 17, 754, 769, 190, 5, 1.01%, 43, 0, 30, 1973.64
1543732027, 17, 754, 770, 191, 5, 1.01%, 43, 0, 30, 1644.40
1543732037, 17, 761, 770, 190, 5, 1.01%, 43, 0, 30, 1780.28
1543732959, 17, 763, 770, 189, 4, 1.01%, 43, 0, 30, 2007.05
1543734578, 17, 763, 771, 190, 4, 1.01%, 43, 0, 30, 2025.52
1543734594, 17, 769, 771, 189, 4, 1.01%, 43, 0, 30, 4.81
