# unix_time, cycles_done, cur_path, paths_total, pending_total, pending_favs, map_size, unique_crashes, unique_hangs, max_depth, execs_per_sec
1543693420, 0, 0, 1, 1, 1, 0.13%, 0, 0, 1, 2000.00
1543693425, 0, 0, 95, 95, 1, 0.48%, 6, 0, 2, 2670.93
1543693430, 0, 0, 115, 115, 1, 0.52%, 7, 0, 2, 2802.86
1543693436, 0, 3, 130, 129, 44, 0.54%, 10, 0, 3, 2811.85
1543693441, 0, 3, 138, 137, 44, 0.55%, 10, 0, 3, 2785.32
1543693446, 0, 12, 143, 141, 46, 0.55%, 11, 0, 3, 2827.16
1543693451, 0, 19, 147, 140, 42, 0.55%, 11, 0, 3, 2896.37
1543693456, 0, 19, 153, 146, 42, 0.55%, 12, 0, 3, 2860.25
1543693461, 0, 19, 157, 150, 42, 0.55%, 13, 0, 3, 2797.92
1543693466, 0, 45, 159, 146, 36, 0.56%, 13, 0, 3, 2807.75
1543693471, 0, 45, 163, 150, 36, 0.56%, 13, 0, 3, 2818.12
1543693476, 0, 64, 166, 150, 33, 0.56%, 13, 0, 3, 2825.47
1543693481, 0, 67, 171, 152, 30, 0.56%, 14, 0, 3, 2817.14
1543693486, 0, 85, 176, 153, 30, 0.58%, 16, 0, 3, 2856.29
1543693492, 0, 102, 182, 158, 29, 0.58%, 16, 0, 3, 2849.99
1543693497, 0, 102, 186, 162, 29, 0.58%, 16, 0, 3, 2762.05
1543693502, 0, 102, 191, 167, 29, 0.58%, 16, 0, 3, 2803.99
1543693507, 0, 118, 192, 164, 29, 0.58%, 17, 0, 3, 2851.49
1543693512, 0, 124, 194, 163, 25, 0.58%, 17, 0, 4, 2819.94
1543693517, 0, 129, 195, 161, 24, 0.58%, 17, 0, 4, 2834.96
1543693522, 0, 134, 209, 174, 23, 0.59%, 17, 0, 4, 2847.54
1543693527, 0, 134, 213, 178, 23, 0.60%, 17, 0, 4, 2863.26
1543693532, 0, 152, 214, 175, 27, 0.60%, 17, 0, 4, 2822.33
1543693537, 0, 164, 215, 173, 25, 0.60%, 17, 0, 4, 2854.50
1543693543, 0, 169, 220, 176, 25, 0.61%, 17, 0, 4, 2853.36
1543693548, 0, 174, 223, 177, 25, 0.62%, 17, 0, 4, 2803.24
1543693553, 0, 180, 225, 177, 27, 0.62%, 17, 0, 4, 2746.59
1543693558, 0, 183, 228, 179, 26, 0.62%, 17, 0, 4, 2785.85
1543693563, 0, 186, 228, 176, 25, 0.62%, 17, 0, 4, 2826.32
1543693568, 0, 190, 230, 175, 22, 0.62%, 17, 0, 4, 2874.14
1543693573, 0, 193, 233, 177, 22, 0.62%, 17, 0, 5, 2820.16
1543693578, 0, 194, 236, 179, 22, 0.62%, 17, 0, 5, 2828.51
1543693588, 0, 207, 239, 180, 25, 0.62%, 17, 0, 5, 2862.61
1543693594, 0, 210, 240, 179, 23, 0.63%, 17, 0, 5, 2840.34
1543693599, 0, 210, 245, 184, 23, 0.66%, 17, 0, 5, 2829.57
1543693604, 0, 210, 246, 185, 23, 0.69%, 17, 0, 5, 2863.71
1543693609, 0, 212, 246, 183, 27, 0.69%, 17, 0, 5, 2851.10
1543693614, 0, 216, 246, 180, 24, 0.69%, 17, 0, 5, 2841.30
1543693619, 0, 217, 247, 180, 23, 0.69%, 17, 0, 5, 2819.11
1543693624, 0, 223, 248, 179, 22, 0.69%, 17, 0, 5, 2837.35
1543693629, 0, 227, 249, 178, 21, 0.69%, 17, 0, 5, 2889.98
1543693634, 0, 229, 249, 177, 20, 0.69%, 17, 0, 5, 2871.66
1543693639, 0, 230, 249, 176, 19, 0.69%, 17, 0, 5, 2817.69
1543693645, 0, 232, 252, 178, 18, 0.69%, 17, 0, 6, 2820.07
1543693650, 0, 233, 253, 178, 18, 0.69%, 17, 0, 6, 2841.41
1543693655, 0, 235, 253, 176, 17, 0.69%, 17, 0, 6, 2822.16
1543693660, 0, 237, 253, 174, 15, 0.69%, 17, 0, 6, 2856.93
1543693665, 0, 239, 254, 173, 13, 0.69%, 17, 0, 6, 2807.39
1543693670, 0, 240, 259, 177, 14, 0.70%, 17, 0, 6, 2728.40
1543693675, 0, 240, 260, 178, 14, 0.70%, 17, 0, 6, 2711.28
1543693680, 0, 242, 260, 176, 15, 0.70%, 17, 0, 6, 2741.17
1543693685, 0, 243, 261, 176, 14, 0.70%, 17, 0, 6, 2727.46
1543693691, 0, 244, 262, 176, 15, 0.73%, 17, 0, 6, 2760.60
1543693696, 0, 245, 268, 181, 14, 0.75%, 17, 0, 6, 2776.08
1543693701, 0, 246, 269, 181, 18, 0.75%, 18, 0, 6, 2790.70
1543693706, 0, 248, 270, 180, 18, 0.75%, 18, 0, 6, 2833.08
1543693711, 0, 252, 270, 178, 16, 0.75%, 18, 0, 6, 2794.00
1543693721, 0, 254, 270, 176, 14, 0.75%, 18, 0, 6, 2814.07
1543693726, 0, 257, 271, 176, 13, 0.75%, 18, 0, 7, 3034.82
1543693731, 0, 259, 274, 178, 13, 0.75%, 18, 0, 7, 3206.43
1543693736, 0, 259, 275, 179, 13, 0.75%, 18, 0, 7, 2892.48
1543693741, 0, 260, 276, 179, 14, 0.75%, 18, 0, 7, 2788.57
1543693746, 0, 261, 285, 187, 14, 0.76%, 18, 0, 7, 2783.41
1543693751, 0, 261, 286, 188, 14, 0.77%, 18, 0, 7, 2777.16
1543693756, 0, 264, 288, 188, 21, 0.77%, 18, 0, 7, 2812.16
1543693761, 0, 264, 291, 191, 21, 0.77%, 19, 0, 7, 2730.55
1543693766, 0, 265, 293, 192, 24, 0.78%, 20, 0, 7, 2793.92
1543693772, 0, 266, 294, 192, 24, 0.78%, 20, 0, 7, 2759.20
1543693777, 0, 267, 295, 192, 24, 0.78%, 20, 0, 7, 2797.07
1543693782, 0, 268, 295, 191, 24, 0.78%, 21, 0, 7, 2779.26
1543693787, 0, 270, 297, 191, 22, 0.78%, 21, 0, 8, 2776.48
1543693792, 0, 270, 298, 192, 22, 0.78%, 21, 0, 8, 2779.16
1543693797, 0, 271, 298, 191, 22, 0.78%, 21, 0, 8, 2750.48
1543693802, 0, 274, 301, 193, 22, 0.79%, 21, 0, 8, 2691.61
1543693808, 0, 276, 302, 192, 21, 0.79%, 21, 0, 8, 2673.29
1543693813, 0, 278, 302, 191, 20, 0.79%, 21, 0, 8, 2777.98
1543693818, 0, 280, 303, 190, 19, 0.79%, 21, 0, 8, 2800.25
1543693823, 0, 282, 303, 188, 17, 0.79%, 21, 0, 8, 2812.93
1543693828, 0, 285, 303, 187, 16, 0.79%, 21, 0, 8, 2809.23
1543693833, 0, 286, 306, 189, 15, 0.80%, 21, 0, 8, 2817.14
1543693838, 0, 286, 308, 191, 15, 0.80%, 21, 0, 8, 2811.28
1543693843, 0, 287, 308, 190, 15, 0.80%, 21, 0, 8, 2809.00
1543693848, 0, 290, 310, 190, 13, 0.81%, 21, 0, 8, 2764.30
1543693853, 0, 290, 311, 191, 13, 0.81%, 21, 0, 8, 2742.62
1543693858, 0, 292, 313, 192, 14, 0.81%, 21, 0, 8, 2739.24
1543693868, 0, 293, 314, 192, 14, 0.81%, 22, 0, 8, 2713.21
1543693873, 0, 294, 315, 192, 14, 0.81%, 23, 0, 8, 2781.18
1543693879, 0, 294, 316, 193, 14, 0.81%, 23, 0, 8, 2796.80
1543693884, 0, 297, 317, 193, 14, 0.82%, 23, 0, 9, 2772.19
1543693889, 0, 299, 329, 204, 13, 0.83%, 23, 0, 9, 2792.78
1543693894, 0, 299, 330, 205, 13, 0.83%, 24, 0, 9, 2811.31
1543693899, 0, 301, 332, 205, 18, 0.83%, 24, 0, 9, 2776.52
1543693904, 0, 302, 332, 204, 17, 0.83%, 24, 0, 9, 2780.69
1543693909, 0, 306, 332, 203, 16, 0.83%, 24, 0, 9, 2811.85
1543693914, 0, 309, 333, 203, 15, 0.83%, 25, 0, 9, 2795.26
1543693919, 0, 310, 334, 203, 14, 0.83%, 25, 0, 9, 2779.59
1543693924, 0, 311, 334, 202, 13, 0.83%, 25, 0, 9, 2790.91
1543693930, 0, 313, 335, 202, 12, 0.83%, 25, 0, 9, 2806.79
1543693940, 0, 314, 335, 201, 12, 0.83%, 25, 0, 9, 2812.37
1543693945, 0, 316, 337, 202, 11, 0.84%, 25, 0, 10, 2811.05
1543693950, 0, 317, 339, 203, 12, 0.84%, 25, 0, 10, 2802.16
1543693955, 0, 319, 340, 203, 12, 0.84%, 25, 0, 10, 2743.97
1543693960, 0, 319, 342, 205, 12, 0.84%, 25, 0, 10, 2726.75
1543693965, 0, 321, 344, 206, 11, 0.84%, 25, 0, 10, 2686.56
1543693970, 0, 330, 346, 207, 11, 0.84%, 26, 0, 10, 2748.59
1543693975, 0, 333, 349, 209, 12, 0.85%, 27, 0, 10, 2790.38
1543693980, 0, 333, 351, 211, 12, 0.85%, 27, 0, 10, 2775.40
1543693986, 0, 334, 352, 211, 14, 0.85%, 27, 0, 10, 2805.36
1543693991, 0, 334, 355, 214, 14, 0.85%, 27, 0, 10, 2801.37
1543693996, 0, 336, 356, 214, 16, 0.85%, 27, 0, 11, 2768.98
1543694001, 0, 337, 357, 214, 16, 0.85%, 27, 0, 11, 2802.58
1543694006, 0, 337, 359, 216, 16, 0.85%, 27, 0, 11, 2776.36
1543694011, 0, 338, 359, 215, 16, 0.85%, 27, 0, 11, 2728.70
1543694016, 0, 339, 363, 218, 15, 0.85%, 27, 0, 11, 2735.09
1543694021, 0, 339, 364, 219, 15, 0.85%, 27, 0, 11, 2747.67
1543694026, 0, 343, 368, 222, 14, 0.85%, 27, 0, 11, 2763.05
1543694031, 0, 343, 371, 225, 14, 0.85%, 28, 0, 11, 2789.96
1543694036, 0, 345, 379, 232, 17, 0.85%, 28, 0, 11, 2744.19
1543694042, 0, 349, 383, 235, 21, 0.87%, 28, 0, 11, 2739.06
1543694047, 0, 350, 383, 234, 21, 0.87%, 28, 0, 11, 2783.87
1543694052, 0, 351, 383, 233, 20, 0.87%, 28, 0, 11, 2817.26
1543694057, 0, 352, 384, 233, 19, 0.87%, 29, 0, 11, 2749.21
1543694067, 0, 354, 386, 234, 18, 0.87%, 29, 0, 11, 2776.20
1543694072, 0, 356, 386, 233, 18, 0.87%, 29, 0, 11, 2796.48
1543694077, 0, 356, 387, 234, 18, 0.87%, 29, 0, 12, 2799.90
1543694082, 0, 358, 387, 233, 18, 0.87%, 29, 0, 12, 2800.39
1543694087, 0, 358, 388, 234, 18, 0.87%, 29, 0, 12, 2794.91
1543694092, 0, 359, 392, 237, 18, 0.87%, 29, 0, 12, 2765.03
1543694098, 0, 359, 393, 238, 18, 0.87%, 29, 0, 12, 2766.35
1543694103, 0, 363, 396, 240, 15, 0.87%, 29, 0, 12, 2791.43
1543694113, 0, 366, 397, 240, 16, 0.87%, 29, 0, 12, 2739.78
1543694118, 0, 371, 398, 240, 16, 0.87%, 29, 0, 12, 2771.84
1543694123, 0, 371, 400, 242, 16, 0.87%, 29, 0, 12, 2773.60
1543694128, 0, 377, 408, 249, 16, 0.88%, 29, 0, 12, 2727.76
1543694138, 0, 379, 418, 258, 17, 0.89%, 30, 0, 12, 2761.80
1543694143, 0, 380, 419, 258, 20, 0.89%, 31, 0, 12, 2830.43
1543694148, 0, 380, 421, 260, 20, 0.89%, 32, 0, 12, 2801.35
1543694153, 0, 382, 422, 260, 19, 0.89%, 32, 0, 12, 1710.80
1543694159, 0, 385, 422, 259, 18, 0.89%, 32, 0, 12, 2519.76
1543694169, 0, 386, 422, 258, 17, 0.89%, 32, 0, 12, 2775.12
1543694174, 0, 386, 423, 259, 17, 0.89%, 32, 0, 13, 2775.47
1543694179, 0, 387, 423, 258, 17, 0.89%, 32, 0, 13, 2805.16
1543694184, 0, 389, 423, 257, 16, 0.89%, 32, 0, 13, 2752.93
1543694189, 0, 392, 423, 256, 15, 0.89%, 32, 0, 13, 2663.71
1543694194, 0, 392, 426, 259, 15, 0.89%, 32, 0, 13, 2598.48
1543694199, 0, 395, 429, 261, 15, 0.89%, 32, 0, 13, 2721.56
1543694204, 0, 396, 429, 260, 14, 0.89%, 32, 0, 13, 2791.82
1543694209, 0, 397, 430, 260, 13, 0.89%, 33, 0, 13, 2766.90
1543694214, 0, 403, 433, 262, 13, 0.89%, 33, 0, 13, 2760.67
1543694219, 0, 405, 437, 265, 14, 0.89%, 33, 0, 13, 2733.73
1543694224, 0, 405, 442, 270, 14, 0.90%, 33, 0, 13, 2716.31
1543694230, 0, 408, 443, 270, 17, 0.90%, 33, 0, 13, 2755.08
1543694235, 0, 409, 444, 270, 16, 0.90%, 33, 0, 13, 2769.93
1543694240, 0, 415, 444, 269, 15, 0.90%, 33, 0, 13, 2772.32
1543694245, 0, 417, 447, 271, 14, 0.90%, 33, 0, 13, 2793.82
1543694250, 0, 417, 450, 274, 14, 0.90%, 33, 0, 13, 2732.68
1543694255, 0, 422, 451, 274, 16, 0.90%, 33, 0, 13, 2738.87
1543694260, 0, 422, 453, 276, 16, 0.90%, 33, 0, 14, 2769.24
1543694265, 0, 422, 454, 277, 16, 0.90%, 33, 0, 14, 2729.69
1543694270, 0, 426, 455, 277, 16, 0.90%, 33, 0, 14, 2733.63
1543694276, 0, 426, 458, 280, 16, 0.90%, 33, 0, 14, 2732.30
1543694281, 0, 428, 459, 280, 18, 0.90%, 33, 0, 14, 2750.97
1543694286, 0, 428, 460, 281, 18, 0.90%, 33, 0, 14, 2702.62
1543694291, 0, 429, 462, 282, 20, 0.90%, 33, 0, 14, 2694.72
1543694296, 0, 431, 462, 281, 19, 0.90%, 33, 0, 14, 2698.05
1543694301, 0, 431, 463, 282, 19, 0.90%, 33, 0, 14, 2702.94
1543694306, 0, 432, 464, 282, 18, 0.90%, 33, 0, 14, 2731.88
1543694311, 0, 435, 465, 282, 18, 0.90%, 33, 0, 14, 2777.93
1543694316, 0, 435, 468, 285, 18, 0.90%, 33, 0, 14, 2755.39
1543694321, 0, 437, 469, 285, 20, 0.91%, 33, 0, 14, 2756.62
1543694326, 0, 437, 475, 291, 20, 0.91%, 33, 0, 14, 2760.62
1543694331, 0, 438, 480, 295, 21, 0.91%, 33, 0, 14, 2756.02
1543694337, 0, 441, 481, 295, 20, 0.91%, 33, 0, 14, 2738.66
1543694347, 0, 443, 485, 298, 20, 0.91%, 33, 0, 14, 2703.79
1543694352, 0, 443, 487, 300, 20, 0.91%, 33, 0, 14, 2688.91
1543694357, 0, 445, 488, 300, 20, 0.91%, 33, 0, 14, 2762.79
1543694362, 0, 447, 488, 299, 19, 0.91%, 33, 0, 14, 2771.98
1543694367, 0, 447, 493, 304, 19, 0.91%, 33, 0, 14, 2755.80
1543694372, 0, 448, 495, 305, 22, 0.91%, 33, 0, 14, 2613.36
1543694377, 0, 452, 497, 306, 22, 0.91%, 33, 0, 14, 2736.83
1543694392, 0, 454, 497, 305, 21, 0.91%, 33, 0, 14, 2742.66
1543694397, 0, 454, 498, 306, 21, 0.91%, 33, 0, 15, 2715.19
1543694403, 0, 455, 499, 306, 20, 0.91%, 33, 0, 15, 2687.53
1543694413, 0, 460, 500, 306, 19, 0.91%, 33, 0, 15, 2452.55
1543694418, 0, 460, 501, 307, 19, 0.91%, 33, 0, 15, 2656.91
1543694423, 0, 462, 502, 307, 20, 0.91%, 33, 0, 15, 2719.17
1543694428, 0, 464, 502, 306, 20, 0.91%, 34, 0, 15, 2733.84
1543694433, 0, 464, 503, 307, 20, 0.91%, 34, 0, 15, 2750.42
1543694438, 0, 465, 503, 306, 18, 0.91%, 34, 0, 15, 2697.37
1543694448, 0, 468, 503, 305, 17, 0.91%, 34, 0, 15, 2752.40
1543694453, 0, 470, 506, 307, 16, 0.91%, 35, 0, 15, 2766.74
1543694459, 0, 470, 507, 308, 16, 0.91%, 35, 0, 15, 2724.94
1543694464, 0, 479, 507, 307, 18, 0.91%, 35, 0, 15, 2719.32
1543694469, 0, 479, 508, 308, 18, 0.91%, 35, 0, 15, 2750.53
1543694474, 0, 479, 509, 309, 18, 0.91%, 35, 0, 15, 2756.59
1543694479, 0, 484, 509, 308, 19, 0.91%, 35, 0, 15, 2742.22
1543694484, 0, 485, 510, 308, 18, 0.91%, 35, 0, 15, 2723.11
1543694494, 0, 491, 512, 309, 19, 0.91%, 36, 0, 15, 2703.14
1543694499, 0, 491, 516, 313, 19, 0.91%, 36, 0, 15, 2654.67
1543694510, 0, 494, 517, 313, 16, 0.91%, 37, 0, 15, 2687.06
1543694520, 0, 495, 518, 313, 16, 0.91%, 37, 0, 15, 2733.43
1543694525, 0, 498, 518, 312, 15, 0.91%, 37, 0, 15, 2796.21
1543694535, 0, 500, 518, 311, 14, 0.91%, 37, 0, 15, 2766.05
1543694540, 0, 500, 519, 312, 14, 0.91%, 37, 0, 16, 2729.99
1543694545, 0, 501, 520, 312, 15, 0.91%, 37, 0, 16, 2474.17
1543694550, 0, 502, 520, 311, 15, 0.91%, 37, 0, 16, 2644.72
1543694555, 0, 502, 521, 312, 15, 0.91%, 37, 0, 16, 2705.40
1543694561, 0, 502, 522, 313, 15, 0.91%, 37, 0, 16, 2708.24
1543694566, 0, 504, 525, 315, 14, 0.91%, 37, 0, 16, 2712.96
1543694571, 0, 504, 526, 316, 14, 0.91%, 37, 0, 16, 2750.36
1543694576, 0, 505, 529, 318, 17, 0.91%, 37, 0, 16, 2702.88
1543694581, 0, 505, 530, 319, 17, 0.91%, 37, 0, 16, 2690.53
1543694586, 0, 505, 531, 320, 17, 0.91%, 37, 0, 16, 2716.41
1543694591, 0, 510, 531, 319, 17, 0.91%, 37, 0, 16, 2644.71
1543694596, 0, 510, 534, 322, 17, 0.91%, 37, 0, 16, 2703.11
1543694601, 0, 510, 536, 324, 17, 0.91%, 37, 0, 16, 2696.06
1543694606, 0, 511, 538, 325, 16, 0.91%, 37, 0, 16, 2668.52
1543694612, 0, 511, 539, 326, 16, 0.91%, 37, 0, 16, 2736.58
1543694617, 0, 516, 539, 325, 17, 0.91%, 37, 0, 16, 2714.26
1543694622, 0, 516, 540, 326, 17, 0.91%, 37, 0, 16, 2642.15
1543694632, 0, 518, 541, 326, 16, 0.91%, 37, 0, 17, 2648.65
1543694637, 0, 518, 542, 327, 16, 0.91%, 37, 0, 17, 2645.45
1543694642, 0, 521, 542, 326, 16, 0.91%, 37, 0, 17, 2644.67
1543694652, 0, 521, 543, 327, 16, 0.91%, 37, 0, 17, 2665.25
1543694657, 0, 524, 543, 326, 15, 0.91%, 37, 0, 17, 2621.22
1543694668, 0, 526, 543, 325, 15, 0.91%, 37, 0, 17, 2635.04
1543694683, 0, 528, 544, 325, 14, 0.91%, 38, 0, 17, 2761.27
1543694688, 0, 528, 545, 326, 14, 0.91%, 38, 0, 17, 2759.47
1543694693, 0, 529, 545, 325, 15, 0.91%, 38, 0, 17, 2742.90
1543694698, 0, 529, 546, 326, 15, 0.91%, 38, 0, 17, 2780.27
1543694708, 0, 530, 546, 325, 14, 0.91%, 38, 0, 17, 2717.30
1543694714, 0, 530, 547, 326, 14, 0.91%, 38, 0, 17, 2743.13
1543694719, 0, 531, 547, 325, 13, 0.91%, 38, 0, 17, 2727.68
1543694729, 0, 531, 549, 327, 13, 0.91%, 38, 0, 17, 2718.50
1543694734, 0, 531, 551, 329, 13, 0.91%, 38, 0, 17, 2711.38
1543694739, 0, 532, 552, 329, 13, 0.91%, 38, 0, 17, 2758.85
1543694749, 0, 533, 552, 328, 12, 0.91%, 38, 0, 17, 2669.41
1543694755, 0, 533, 554, 330, 12, 0.91%, 38, 0, 17, 2691.57
1543694765, 0, 538, 555, 330, 14, 0.91%, 38, 0, 17, 2709.21
1543694775, 0, 538, 556, 331, 14, 0.91%, 38, 0, 17, 2682.62
1543694780, 0, 539, 556, 330, 14, 0.91%, 38, 0, 17, 2708.04
1543694785, 0, 539, 557, 331, 14, 0.91%, 38, 0, 17, 2758.46
1543694790, 0, 539, 558, 332, 14, 0.91%, 38, 0, 17, 2761.04
1543694795, 0, 541, 559, 332, 14, 0.91%, 38, 0, 18, 2730.09
1543694801, 0, 541, 560, 333, 14, 0.91%, 38, 0, 18, 2688.90
1543694806, 0, 542, 560, 332, 14, 0.91%, 38, 0, 18, 2634.95
1543694811, 0, 542, 561, 333, 14, 0.91%, 38, 0, 18, 2673.94
1543694816, 0, 542, 562, 334, 14, 0.91%, 38, 0, 18, 2633.87
1543694821, 0, 542, 563, 335, 14, 0.91%, 38, 0, 18, 2607.29
1543694826, 0, 543, 563, 334, 14, 0.91%, 38, 0, 18, 2660.47
1543694831, 0, 543, 564, 335, 14, 0.91%, 38, 0, 18, 2639.60
1543694836, 0, 551, 565, 335, 14, 0.91%, 38, 0, 18, 2683.58
1543694852, 0, 552, 565, 334, 13, 0.91%, 38, 0, 18, 2691.57
1543694862, 0, 552, 566, 335, 13, 0.91%, 38, 0, 18, 2661.90
1543694867, 0, 556, 568, 336, 13, 0.91%, 38, 0, 18, 2685.58
1543694877, 0, 557, 568, 335, 12, 0.91%, 38, 0, 18, 2745.44
1543694887, 0, 558, 568, 334, 11, 0.91%, 38, 0, 18, 2655.63
1543694892, 0, 558, 569, 335, 11, 0.91%, 38, 0, 19, 2658.42
1543694897, 0, 558, 571, 337, 11, 0.91%, 38, 0, 19, 2678.54
1543694902, 0, 559, 571, 336, 11, 0.91%, 38, 0, 19, 2732.19
1543694913, 0, 559, 572, 337, 11, 0.91%, 38, 0, 19, 2612.16
1543694918, 0, 561, 573, 337, 11, 0.91%, 38, 0, 19, 271.05
1543694933, 0, 561, 574, 338, 11, 0.91%, 38, 0, 19, 2675.53
1543694938, 0, 563, 574, 337, 10, 0.91%, 38, 0, 19, 2611.61
1543694948, 0, 563, 576, 339, 10, 0.91%, 38, 0, 19, 2655.47
1543694954, 0, 568, 576, 338, 10, 0.91%, 38, 0, 19, 2655.01
1543694964, 0, 568, 577, 339, 10, 0.91%, 38, 0, 20, 2678.34
1543694974, 0, 571, 577, 338, 12, 0.91%, 38, 0, 20, 2633.67
1543694984, 0, 573, 578, 338, 11, 0.91%, 38, 0, 20, 2640.35
1543694999, 0, 575, 578, 337, 11, 0.91%, 38, 0, 20, 2688.26
1543695009, 0, 575, 580, 339, 11, 0.91%, 38, 0, 20, 2710.89
1543695015, 0, 576, 580, 338, 12, 0.91%, 38, 0, 20, 2584.55
1543695030, 0, 578, 580, 337, 11, 0.91%, 38, 0, 20, 2658.37
1543695040, 1, 71, 580, 334, 10, 0.91%, 38, 0, 20, 2608.41
1543695045, 1, 272, 580, 331, 9, 0.91%, 38, 0, 20, 2721.22
1543695050, 1, 361, 581, 331, 11, 0.91%, 38, 0, 20, 2709.02
1543695055, 1, 365, 582, 331, 11, 0.91%, 38, 0, 20, 2721.16
1543695061, 1, 388, 583, 331, 11, 0.91%, 38, 0, 20, 2732.64
1543695066, 1, 417, 584, 331, 10, 0.91%, 38, 0, 20, 2725.28
1543695071, 1, 440, 584, 331, 10, 0.91%, 38, 0, 20, 2791.39
1543695076, 1, 453, 584, 330, 9, 0.91%, 38, 0, 20, 2724.16
1543695086, 1, 453, 586, 332, 9, 0.91%, 38, 0, 20, 2718.08
1543695096, 1, 466, 586, 331, 9, 0.91%, 38, 0, 20, 2754.38
1543695101, 1, 478, 586, 330, 8, 0.91%, 38, 0, 20, 2750.00
1543695106, 1, 478, 587, 331, 8, 0.91%, 38, 0, 20, 2700.06
1543695111, 1, 522, 587, 330, 9, 0.91%, 38, 0, 20, 2693.44
1543695121, 1, 522, 588, 331, 9, 0.91%, 38, 0, 20, 2734.98
1543695127, 1, 537, 590, 332, 10, 0.91%, 38, 0, 20, 2745.78
1543695137, 1, 544, 590, 331, 9, 0.91%, 38, 0, 20, 2683.20
1543695147, 1, 544, 592, 333, 9, 0.91%, 38, 0, 20, 2770.27
1543695152, 1, 546, 593, 333, 11, 0.91%, 38, 0, 20, 2864.64
1543695157, 1, 546, 594, 334, 11, 0.91%, 38, 0, 20, 2887.86
1543695162, 1, 546, 595, 335, 11, 0.91%, 38, 0, 20, 2863.21
1543695167, 1, 565, 595, 334, 11, 0.91%, 38, 0, 20, 2782.02
1543695178, 1, 565, 602, 341, 11, 0.91%, 38, 0, 20, 2848.74
1543695183, 1, 569, 604, 342, 14, 0.91%, 38, 0, 20, 2845.86
1543695193, 1, 569, 605, 343, 14, 0.91%, 38, 0, 20, 2863.19
1543695198, 1, 572, 606, 343, 13, 0.91%, 38, 0, 20, 2780.52
1543695208, 1, 572, 607, 344, 13, 0.91%, 39, 0, 20, 2889.30
1543695213, 1, 580, 609, 345, 15, 0.91%, 39, 0, 20, 2918.81
1543695218, 1, 580, 610, 346, 15, 0.91%, 39, 0, 20, 2930.35
1543695224, 1, 582, 610, 345, 15, 0.91%, 39, 0, 20, 2926.21
1543695239, 1, 584, 610, 344, 14, 0.91%, 39, 0, 20, 2840.98
1543695249, 1, 588, 610, 343, 13, 0.91%, 39, 0, 20, 2893.10
1543695254, 1, 588, 611, 344, 13, 0.91%, 39, 0, 20, 439.49
1543695264, 1, 589, 612, 344, 13, 0.91%, 39, 0, 20, 2875.18
1543695280, 1, 589, 614, 346, 13, 0.91%, 39, 0, 20, 2923.51
1543695285, 1, 589, 616, 348, 13, 0.91%, 39, 0, 20, 2893.47
1543695290, 1, 590, 616, 347, 14, 0.91%, 39, 0, 20, 2844.71
1543695295, 1, 590, 617, 348, 14, 0.91%, 39, 0, 20, 2845.81
1543695300, 1, 590, 618, 349, 14, 0.91%, 39, 0, 20, 2820.95
1543695305, 1, 591, 618, 348, 15, 0.91%, 39, 0, 20, 2817.42
1543695320, 1, 595, 618, 347, 13, 0.91%, 39, 0, 20, 2819.31
1543695330, 1, 595, 622, 351, 13, 0.91%, 39, 0, 20, 2847.96
1543695341, 1, 604, 622, 350, 13, 0.91%, 39, 0, 20, 499.01
1543695361, 1, 604, 625, 353, 13, 0.91%, 39, 0, 21, 2790.63
1543695366, 1, 604, 626, 354, 13, 0.91%, 39, 0, 21, 2821.44
1543695371, 1, 605, 626, 353, 16, 0.91%, 39, 0, 21, 2856.76
1543695381, 1, 606, 628, 354, 15, 0.91%, 39, 0, 21, 2852.73
1543695386, 1, 606, 629, 355, 15, 0.91%, 39, 0, 21, 2852.94
1543695391, 1, 606, 630, 356, 15, 0.91%, 39, 0, 21, 2855.01
1543695397, 1, 606, 632, 358, 15, 0.92%, 39, 0, 21, 2850.77
1543695402, 1, 607, 632, 357, 16, 0.92%, 39, 0, 21, 2833.54
1543695407, 1, 607, 633, 358, 16, 0.92%, 39, 0, 21, 2813.97
1543695412, 1, 607, 634, 359, 16, 0.92%, 39, 0, 21, 2787.87
1543695417, 1, 609, 636, 360, 16, 0.92%, 39, 0, 21, 2793.67
1543695432, 1, 610, 636, 359, 14, 0.92%, 39, 0, 21, 2901.04
1543695442, 1, 610, 637, 360, 14, 0.92%, 39, 0, 21, 2881.50
1543695447, 1, 610, 638, 361, 14, 0.92%, 39, 0, 21, 2850.86
1543695453, 1, 613, 638, 360, 14, 0.92%, 40, 0, 21, 2825.54
1543695468, 1, 617, 638, 359, 13, 0.92%, 40, 0, 21, 2806.62
1543695483, 1, 617, 639, 360, 13, 0.92%, 40, 0, 21, 2837.32
1543695488, 1, 618, 639, 359, 13, 0.92%, 40, 0, 21, 2805.17
1543695504, 1, 618, 640, 360, 13, 0.92%, 40, 0, 21, 2832.51
1543695514, 1, 621, 640, 359, 12, 0.92%, 40, 0, 21, 2712.36
1543695524, 1, 621, 641, 360, 12, 0.92%, 40, 0, 21, 2702.16
1543695529, 1, 621, 642, 361, 12, 0.92%, 40, 0, 21, 2738.15
1543695539, 1, 622, 642, 360, 11, 0.92%, 40, 0, 21, 2795.90
1543695565, 1, 622, 644, 362, 11, 0.92%, 40, 0, 22, 2686.78
1543695575, 1, 623, 644, 361, 11, 0.92%, 40, 0, 22, 2639.51
1543695600, 1, 627, 644, 360, 10, 0.92%, 40, 0, 22, 2693.65
1543695611, 1, 627, 645, 361, 10, 0.92%, 40, 0, 22, 2820.19
1543695616, 1, 627, 646, 362, 10, 0.92%, 40, 0, 22, 2803.30
1543695621, 1, 631, 648, 363, 9, 0.92%, 40, 0, 22, 2673.26
1543695631, 1, 631, 649, 364, 9, 0.92%, 40, 0, 22, 2798.60
1543695636, 1, 631, 651, 366, 9, 0.92%, 40, 0, 22, 2812.81
1543695641, 1, 636, 651, 365, 12, 0.92%, 40, 0, 22, 2763.92
1543695652, 1, 636, 652, 366, 12, 0.92%, 40, 0, 22, 2681.73
1543695657, 1, 636, 653, 367, 12, 0.92%, 40, 0, 22, 2687.26
1543695662, 1, 637, 653, 366, 12, 0.92%, 40, 0, 22, 2676.01
1543695672, 1, 637, 654, 367, 12, 0.92%, 40, 0, 22, 2664.33
1543695677, 1, 637, 655, 368, 12, 0.92%, 40, 0, 22, 187.14
1543695682, 1, 637, 656, 369, 12, 0.92%, 40, 0, 22, 2619.18
1543695688, 1, 637, 657, 370, 12, 0.92%, 40, 0, 22, 251.78
1543695693, 1, 638, 657, 369, 12, 0.92%, 40, 0, 22, 2638.33
1543695703, 1, 638, 658, 370, 12, 0.92%, 40, 0, 22, 2587.51
1543695708, 1, 638, 659, 371, 12, 0.92%, 40, 0, 22, 2619.40
1543695713, 1, 640, 659, 370, 12, 0.92%, 40, 0, 22, 2586.37
1543695734, 1, 640, 662, 373, 12, 0.92%, 40, 0, 22, 2627.82
1543695744, 1, 642, 662, 372, 12, 0.92%, 40, 0, 22, 2570.11
1543695779, 1, 642, 663, 373, 12, 0.92%, 40, 0, 23, 2380.55
1543695795, 1, 644, 664, 373, 13, 0.92%, 40, 0, 23, 2621.63
1543695815, 1, 644, 666, 375, 13, 0.93%, 40, 0, 23, 2637.55
1543695820, 1, 644, 668, 377, 13, 0.93%, 40, 0, 23, 2669.21
1543695825, 1, 647, 669, 377, 13, 0.93%, 40, 0, 23, 2652.45
1543695841, 1, 647, 670, 378, 13, 0.93%, 40, 0, 23, 2564.04
1543695846, 1, 647, 671, 379, 13, 0.93%, 40, 0, 23, 2642.09
1543695851, 1, 650, 671, 378, 12, 0.93%, 40, 0, 23, 2777.17
1543695872, 1, 651, 671, 377, 11, 0.93%, 40, 0, 23, 2629.80
1543695882, 1, 651, 671, 377, 11, 0.93%, 41, 0, 23, 2678.77
1543695887, 1, 653, 671, 376, 10, 0.93%, 41, 0, 23, 502.42
1543695907, 1, 653, 673, 378, 10, 0.93%, 41, 0, 23, 2676.32
1543695912, 1, 653, 674, 379, 10, 0.93%, 41, 0, 23, 2707.60
1543695918, 1, 657, 676, 380, 12, 0.93%, 41, 0, 23, 2682.74
1543695923, 1, 657, 677, 381, 12, 0.93%, 41, 0, 23, 2684.06
1543695928, 1, 657, 678, 382, 12, 0.93%, 41, 0, 23, 2694.42
1543695933, 1, 660, 678, 381, 13, 0.93%, 41, 0, 23, 2606.68
1543695969, 1, 660, 680, 383, 13, 0.93%, 41, 0, 23, 2413.47
1543695974, 1, 660, 683, 386, 13, 0.93%, 41, 0, 23, 2476.45
1543695979, 1, 662, 683, 385, 13, 0.93%, 41, 0, 23, 2540.13
1543696030, 1, 662, 684, 386, 13, 0.93%, 41, 0, 24, 2500.00
1543696045, 1, 663, 685, 386, 13, 0.93%, 41, 0, 24, 2543.15
1543696066, 1, 663, 686, 387, 13, 0.93%, 41, 0, 24, 2636.14
1543696071, 1, 663, 687, 388, 13, 0.93%, 41, 0, 24, 2645.30
1543696076, 1, 663, 689, 390, 13, 0.93%, 41, 0, 24, 2658.21
1543696081, 1, 664, 689, 389, 14, 0.93%, 41, 0, 24, 2623.33
1543696106, 1, 666, 691, 390, 13, 0.93%, 41, 0, 24, 2590.85
1543696132, 1, 666, 693, 392, 13, 0.93%, 41, 0, 24, 2656.68
1543696137, 1, 666, 694, 393, 13, 0.93%, 41, 0, 24, 2655.10
1543696142, 1, 670, 695, 393, 15, 0.93%, 41, 0, 24, 2542.71
1543696162, 1, 670, 696, 394, 15, 0.93%, 41, 0, 24, 2608.67
1543696167, 1, 670, 697, 395, 15, 0.93%, 41, 0, 24, 2658.06
1543696172, 1, 673, 697, 394, 10, 0.93%, 41, 0, 24, 2591.97
1543696192, 1, 673, 699, 396, 10, 0.93%, 41, 0, 24, 414.29
1543696208, 1, 675, 699, 395, 10, 0.93%, 41, 0, 24, 2668.34
1543696218, 1, 676, 699, 394, 9, 0.93%, 41, 0, 24, 2709.26
1543696223, 1, 676, 700, 395, 9, 0.93%, 41, 0, 24, 2738.99
1543696233, 1, 678, 701, 395, 9, 0.93%, 41, 0, 24, 2639.97
1543696264, 1, 683, 701, 394, 8, 0.93%, 41, 0, 24, 2577.10
1543696336, 1, 686, 701, 393, 7, 0.93%, 41, 0, 24, 2603.09
1543696361, 1, 689, 701, 392, 6, 0.93%, 41, 0, 24, 290.60
1543696387, 1, 693, 703, 393, 5, 0.93%, 41, 0, 25, 2616.30
1543696412, 1, 693, 706, 396, 5, 0.93%, 41, 0, 25, 2694.81
1543696417, 1, 693, 707, 397, 5, 0.93%, 41, 0, 25, 2703.90
1543696423, 1, 695, 707, 396, 6, 0.93%, 41, 0, 25, 2694.93
1543696453, 1, 698, 708, 396, 5, 0.93%, 41, 0, 25, 2655.42
1543696479, 1, 698, 709, 397, 5, 0.93%, 41, 0, 25, 242.99
1543696484, 1, 698, 714, 402, 5, 0.93%, 41, 0, 25, 2597.01
1543696489, 1, 698, 716, 404, 5, 0.93%, 41, 0, 25, 2568.33
1543696494, 1, 699, 716, 403, 10, 0.93%, 41, 0, 25, 2581.86
1543696499, 1, 699, 717, 404, 10, 0.93%, 41, 0, 25, 2664.95
1543696509, 1, 702, 717, 403, 10, 0.93%, 41, 0, 25, 2618.01
1543696535, 1, 702, 718, 404, 10, 0.93%, 41, 0, 26, 2470.25
1543696545, 1, 705, 718, 403, 9, 0.93%, 41, 0, 26, 2652.18
1543696576, 1, 705, 719, 404, 9, 0.93%, 41, 0, 26, 2610.26
1543696586, 1, 708, 719, 403, 8, 0.93%, 41, 0, 26, 2580.50
1543696611, 1, 709, 719, 402, 7, 0.93%, 41, 0, 26, 2634.74
1543696632, 1, 709, 720, 403, 7, 0.93%, 41, 0, 26, 2573.52
1543696657, 1, 715, 720, 402, 6, 0.93%, 41, 0, 26, 2582.89
1543696693, 1, 715, 725, 407, 6, 0.93%, 41, 0, 26, 2682.79
1543696698, 1, 715, 728, 410, 6, 0.93%, 41, 0, 26, 2706.77
1543696703, 1, 716, 730, 411, 5, 0.93%, 41, 0, 26, 2765.79
1543696718, 1, 716, 731, 412, 5, 0.93%, 41, 0, 26, 2805.31
1543696724, 1, 716, 732, 413, 5, 0.93%, 41, 0, 26, 2824.99
1543696729, 1, 718, 733, 413, 6, 0.93%, 41, 0, 27, 2713.26
1543696760, 1, 718, 734, 414, 6, 0.93%, 41, 0, 27, 2687.33
1543696770, 1, 719, 735, 414, 8, 0.93%, 41, 0, 27, 2638.05
1543696805, 1, 719, 736, 415, 8, 0.93%, 41, 0, 27, 2612.57
1543696821, 1, 722, 736, 414, 8, 0.93%, 41, 0, 27, 2402.94
1543696851, 1, 723, 736, 413, 7, 0.93%, 41, 0, 27, 2596.54
1543696881, 1, 723, 737, 414, 7, 0.93%, 41, 0, 27, 2667.16
1543696892, 1, 731, 737, 412, 7, 0.93%, 41, 0, 27, 189.81
1543696927, 1, 732, 738, 412, 6, 0.93%, 41, 0, 28, 2599.90
1543696958, 1, 733, 738, 411, 5, 0.93%, 41, 0, 28, 2600.29
1543696988, 1, 733, 739, 412, 5, 0.93%, 41, 0, 28, 2681.19
1543697003, 1, 734, 739, 411, 5, 0.93%, 41, 0, 28, 2661.83
1543697013, 1, 734, 740, 412, 5, 0.93%, 41, 0, 28, 2705.66
1543697018, 1, 734, 741, 413, 5, 0.93%, 41, 0, 28, 2727.69
1543697028, 1, 737, 741, 412, 6, 0.93%, 41, 0, 28, 2557.48
1543697059, 1, 738, 741, 411, 5, 0.93%, 41, 0, 28, 2602.77
1543697099, 1, 738, 742, 412, 5, 0.93%, 41, 0, 29, 2665.39
1543697110, 1, 740, 742, 411, 5, 0.93%, 41, 0, 29, 2620.20
1543697120, 1, 741, 743, 411, 4, 0.93%, 41, 0, 30, 2576.27
1543697161, 1, 742, 743, 410, 4, 0.93%, 41, 0, 30, 396.12
1543697202, 2, 11, 743, 409, 3, 0.93%, 41, 0, 30, 2650.31
1543697207, 2, 321, 744, 406, 3, 0.93%, 41, 0, 30, 2740.58
1543697212, 2, 449, 744, 406, 4, 0.93%, 41, 0, 30, 2616.65
1543697217, 2, 649, 744, 405, 3, 0.93%, 41, 0, 30, 2599.21
1543697232, 2, 652, 744, 404, 1, 0.93%, 41, 0, 30, 2635.82
1543697247, 2, 659, 744, 403, 0, 0.93%, 41, 0, 30, 2609.55
1543697278, 2, 659, 746, 405, 0, 0.93%, 41, 0, 30, 2509.96
1543697283, 2, 659, 747, 406, 0, 0.93%, 41, 0, 30, 196.02
1543697288, 2, 659, 748, 407, 0, 0.93%, 41, 0, 30, 2204.87
1543697293, 2, 744, 748, 406, 4, 0.93%, 41, 0, 30, 475.84
1543697309, 2, 744, 749, 407, 4, 0.93%, 41, 0, 30, 225.00
1543697314, 2, 744, 750, 408, 4, 0.93%, 41, 0, 30, 2725.57
1543697319, 2, 746, 750, 407, 4, 0.93%, 41, 0, 30, 2500.06
1543697380, 2, 746, 752, 409, 4, 0.93%, 41, 0, 30, 2481.40
1543697390, 2, 747, 752, 408, 4, 0.93%, 41, 0, 30, 2453.88
1543697462, 2, 747, 753, 409, 4, 0.93%, 41, 0, 30, 2428.22
1543697473, 2, 748, 754, 409, 3, 0.93%, 41, 0, 30, 2612.80
1543697488, 2, 752, 754, 408, 2, 0.93%, 41, 0, 30, 2215.70
1543697626, 2, 752, 755, 409, 2, 0.93%, 41, 0, 30, 2409.20
1543697641, 2, 754, 755, 408, 2, 0.93%, 41, 0, 30, 1886.99
1543697917, 2, 754, 758, 411, 2, 0.93%, 41, 0, 30, 2160.93
1543697922, 2, 754, 760, 413, 2, 0.93%, 41, 0, 30, 2268.73
1543697927, 2, 755, 760, 412, 2, 0.93%, 41, 0, 30, 1842.17
1543698240, 3, 210, 760, 408, 1, 0.93%, 41, 0, 30, 2610.93
1543698245, 3, 244, 761, 408, 2, 0.93%, 41, 0, 30, 2718.04
1543698250, 3, 402, 761, 408, 2, 0.93%, 41, 0, 30, 2690.45
1543698255, 3, 490, 761, 407, 2, 0.93%, 41, 0, 30, 2690.84
1543698260, 3, 638, 761, 406, 2, 0.93%, 41, 0, 30, 2645.34
1543698265, 3, 658, 762, 407, 2, 0.93%, 41, 0, 30, 2633.90
1543698290, 3, 664, 762, 406, 1, 0.93%, 41, 0, 30, 2408.32
1543698295, 3, 761, 762, 406, 1, 0.93%, 41, 0, 30, 2562.67
1543698316, 4, 47, 762, 401, 0, 0.93%, 41, 0, 30, 2709.12
1543698321, 4, 75, 762, 397, 0, 0.93%, 41, 0, 30, 2537.82
1543698326, 4, 210, 764, 392, 2, 0.93%, 41, 0, 30, 2676.03
1543698331, 4, 231, 764, 392, 2, 0.93%, 41, 0, 30, 123.66
1543698336, 4, 410, 764, 390, 2, 0.93%, 41, 0, 30, 2167.17
1543698342, 4, 424, 764, 389, 2, 0.93%, 42, 0, 30, 2538.86
1543698347, 4, 608, 764, 388, 2, 0.93%, 42, 0, 30, 2590.36
1543698367, 4, 639, 764, 387, 2, 0.93%, 42, 0, 30, 2575.84
1543698398, 4, 762, 764, 386, 2, 0.93%, 42, 0, 30, 100.81
1543698424, 4, 763, 767, 388, 1, 0.93%, 42, 0, 30, 2663.59
1543698429, 4, 763, 768, 389, 1, 0.93%, 42, 0, 30, 266.32
1543698434, 4, 764, 768, 388, 3, 0.93%, 42, 0, 30, 2636.57
1543698439, 4, 764, 769, 389, 3, 0.93%, 42, 0, 30, 2682.47
1543698449, 4, 765, 769, 388, 3, 0.93%, 42, 0, 30, 2728.83
1543698454, 4, 768, 770, 388, 2, 0.93%, 42, 0, 30, 2744.85
1543698459, 4, 768, 771, 389, 2, 0.93%, 42, 0, 30, 2529.59
1543698464, 4, 768, 772, 390, 2, 0.93%, 42, 0, 30, 2651.66
1543698470, 4, 769, 772, 389, 2, 0.93%, 42, 0, 30, 1765.61
1543698480, 4, 770, 774, 390, 1, 0.93%, 42, 0, 30, 2525.20
1543698485, 4, 770, 775, 391, 1, 0.93%, 42, 0, 30, 2396.63
1543698495, 4, 772, 775, 390, 3, 0.93%, 42, 0, 30, 2739.69
1543698505, 4, 773, 775, 389, 2, 0.93%, 42, 0, 30, 328.96
1543698516, 4, 774, 775, 388, 1, 0.93%, 42, 0, 30, 2465.77
1543698552, 5, 9, 775, 386, 0, 0.93%, 44, 0, 30, 2727.10
1543698557, 5, 39, 775, 381, 0, 0.93%, 44, 0, 30, 2672.59
1543698562, 5, 78, 775, 377, 0, 0.93%, 44, 0, 30, 2638.22
1543698567, 5, 283, 776, 377, 1, 0.93%, 44, 0, 30, 2708.36
1543698572, 5, 394, 776, 375, 2, 0.93%, 44, 0, 30, 2709.08
1543698577, 5, 691, 776, 374, 2, 0.93%, 44, 0, 30, 2680.71
1543698602, 5, 739, 776, 373, 4, 0.93%, 44, 0, 30, 202.95
1543698623, 5, 743, 776, 372, 3, 0.93%, 44, 0, 30, 2567.99
1543698684, 5, 745, 776, 371, 3, 0.93%, 44, 0, 30, 2481.39
1543698765, 5, 760, 776, 370, 2, 0.93%, 44, 0, 30, 2657.21
1543698776, 5, 775, 776, 369, 1, 0.93%, 44, 0, 30, 2555.27
1543698781, 5, 775, 778, 371, 1, 0.93%, 44, 0, 30, 2636.94
1543698786, 5, 775, 779, 372, 1, 0.93%, 44, 0, 30, 2500.63
1543698796, 5, 776, 779, 371, 2, 0.93%, 44, 0, 30, 2722.13
1543698806, 5, 777, 779, 370, 1, 0.93%, 44, 0, 30, 2780.80
1543698812, 5, 777, 781, 372, 1, 0.93%, 44, 0, 30, 2678.64
1543698822, 5, 780, 781, 371, 1, 0.93%, 44, 0, 30, 2779.60
1543698827, 5, 780, 783, 373, 1, 0.93%, 44, 0, 30, 2663.92
1543698842, 5, 781, 783, 372, 2, 0.93%, 44, 0, 30, 2667.25
1543698848, 5, 781, 784, 373, 2, 0.93%, 44, 0, 30, 177.96
1543698868, 5, 782, 784, 372, 2, 0.93%, 44, 0, 30, 2550.68
1543698878, 5, 783, 784, 371, 1, 0.93%, 44, 0, 30, 2667.43
1543698893, 5, 783, 786, 373, 1, 0.93%, 44, 0, 30, 2688.35
1543698904, 5, 785, 786, 372, 1, 0.93%, 44, 0, 30, 2741.55
1543698914, 5, 785, 787, 373, 1, 0.93%, 44, 0, 30, 2665.10
1543698919, 5, 785, 788, 374, 1, 0.93%, 44, 0, 30, 2629.32
1543698924, 5, 786, 788, 373, 1, 0.93%, 44, 0, 30, 2615.30
1543698954, 5, 786, 789, 374, 1, 0.93%, 44, 0, 30, 223.94
1543698970, 5, 788, 789, 373, 1, 0.93%, 44, 0, 30, 2586.51
1543699026, 6, 136, 789, 368, 1, 0.93%, 44, 0, 30, 2645.50
1543699031, 6, 548, 789, 366, 1, 0.93%, 44, 0, 30, 2618.68
1543699046, 6, 779, 789, 365, 1, 0.93%, 44, 0, 30, 162.76
1543699062, 6, 779, 792, 368, 1, 0.93%, 44, 0, 30, 2588.75
1543699072, 6, 789, 792, 367, 2, 0.93%, 44, 0, 30, 2634.85
1543699098, 6, 790, 792, 366, 1, 0.93%, 44, 0, 30, 2652.85
1543699123, 7, 57, 792, 360, 0, 0.93%, 44, 0, 30, 2699.48
1543699128, 7, 83, 792, 358, 0, 0.93%, 44, 0, 30, 2672.52
1543699133, 7, 108, 792, 353, 0, 0.93%, 44, 0, 30, 2704.50
1543699138, 7, 117, 792, 350, 0, 0.93%, 44, 0, 30, 2747.24
1543699143, 7, 139, 792, 347, 0, 0.93%, 44, 0, 30, 2701.77
1543699148, 7, 146, 792, 345, 0, 0.93%, 44, 0, 30, 2677.32
1543699153, 7, 181, 792, 342, 0, 0.93%, 44, 0, 30, 182.81
1543699158, 7, 209, 792, 340, 0, 0.93%, 44, 0, 30, 2671.71
1543699164, 7, 225, 792, 340, 0, 0.93%, 44, 0, 30, 184.02
1543699169, 7, 243, 792, 339, 0, 0.93%, 44, 0, 30, 1945.39
1543699174, 7, 256, 792, 339, 0, 0.93%, 44, 0, 30, 2507.86
1543699179, 7, 285, 792, 338, 0, 0.93%, 44, 0, 30, 2684.06
1543699184, 7, 295, 792, 338, 0, 0.93%, 44, 0, 30, 2697.65
1543699189, 7, 326, 792, 337, 1, 0.93%, 44, 0, 30, 2698.89
1543699194, 7, 445, 792, 335, 1, 0.93%, 44, 0, 30, 2697.61
1543699199, 7, 791, 792, 335, 1, 0.93%, 44, 0, 30, 2702.73
1543699215, 7, 791, 793, 336, 1, 0.93%, 44, 0, 30, 2710.67
1543699230, 7, 792, 793, 335, 1, 0.93%, 44, 0, 30, 2689.58
1543699271, 8, 53, 793, 330, 0, 0.93%, 44, 0, 30, 2681.04
1543699276, 8, 258, 793, 327, 1, 0.93%, 44, 0, 30, 2723.45
1543699281, 8, 617, 793, 326, 1, 0.93%, 44, 0, 30, 2709.50
1543699286, 8, 771, 793, 326, 1, 0.93%, 45, 0, 30, 2724.15
1543699291, 8, 771, 794, 327, 1, 0.93%, 45, 0, 30, 2717.64
1543699302, 8, 793, 794, 326, 1, 0.93%, 47, 0, 30, 2682.37
1543699307, 9, 13, 794, 325, 0, 0.93%, 48, 0, 30, 2716.77
1543699312, 9, 56, 794, 323, 0, 0.93%, 48, 0, 30, 2725.83
1543699317, 9, 90, 794, 320, 0, 0.93%, 48, 0, 30, 2695.08
1543699322, 9, 121, 794, 313, 0, 0.93%, 48, 0, 30, 2680.39
1543699327, 9, 153, 794, 310, 0, 0.93%, 48, 0, 30, 2720.44
1543699332, 9, 198, 794, 307, 0, 0.93%, 48, 0, 30, 2714.92
1543699337, 9, 207, 794, 305, 0, 0.93%, 48, 0, 30, 2741.47
1543699343, 9, 237, 794, 305, 0, 0.93%, 48, 0, 30, 2669.36
1543699348, 9, 246, 794, 305, 0, 0.93%, 48, 0, 30, 2660.90
1543699353, 9, 269, 794, 304, 0, 0.93%, 48, 0, 30, 2671.22
1543699358, 9, 279, 794, 304, 0, 0.93%, 48, 0, 30, 2547.37
1543699363, 9, 289, 794, 304, 0, 0.93%, 48, 0, 30, 2651.82
1543699368, 9, 296, 794, 304, 0, 0.93%, 48, 0, 30, 2578.65
1543699373, 9, 296, 795, 305, 0, 0.93%, 48, 0, 30, 133.40
1543699378, 9, 581, 795, 304, 1, 0.93%, 48, 0, 30, 2526.44
1543699399, 9, 692, 795, 303, 1, 0.93%, 48, 0, 30, 696.02
1543699424, 9, 692, 796, 304, 1, 0.93%, 48, 0, 30, 2597.97
1543699435, 9, 794, 796, 303, 3, 0.93%, 48, 0, 30, 2682.03
1543699440, 9, 794, 797, 304, 3, 0.93%, 48, 0, 30, 2695.72
1543699450, 9, 795, 797, 303, 3, 0.93%, 48, 0, 30, 2620.63
1543699496, 9, 795, 799, 305, 3, 0.93%, 48, 0, 30, 2609.25
1543699501, 9, 796, 799, 304, 3, 0.93%, 48, 0, 30, 2628.01
1543699516, 9, 796, 800, 305, 3, 0.93%, 48, 0, 30, 2648.05
1543699521, 9, 796, 801, 306, 3, 0.93%, 48, 0, 30, 2434.75
1543699527, 9, 798, 801, 305, 3, 0.93%, 48, 0, 30, 2311.14
1543699603, 9, 798, 802, 306, 3, 0.93%, 48, 0, 30, 2350.97
1543699614, 9, 799, 802, 305, 2, 0.93%, 48, 0, 30, 2449.58
1543699624, 9, 799, 803, 306, 2, 0.93%, 48, 0, 30, 2628.44
1543699634, 9, 799, 805, 308, 2, 0.93%, 48, 0, 30, 2582.43
1543699639, 9, 801, 808, 310, 2, 0.93%, 48, 0, 30, 2113.64
1543699788, 9, 801, 810, 312, 2, 0.93%, 48, 0, 30, 2333.80
1543699798, 9, 801, 812, 314, 2, 0.93%, 48, 0, 30, 2365.13
1543699803, 9, 803, 814, 315, 3, 0.93%, 48, 0, 30, 2677.90
1543699809, 9, 803, 815, 316, 3, 0.93%, 48, 0, 30, 2720.40
1543699824, 9, 806, 815, 315, 5, 0.93%, 48, 0, 30, 2223.26
1543699982, 9, 808, 815, 314, 4, 0.93%, 48, 0, 30, 2148.17
1543700140, 9, 808, 816, 315, 4, 0.93%, 48, 0, 30, 2441.08
1543700151, 9, 812, 816, 314, 4, 0.93%, 48, 0, 30, 2663.35
1543700161, 9, 813, 816, 313, 3, 0.93%, 48, 0, 30, 2705.55
1543700176, 9, 814, 816, 312, 2, 0.93%, 48, 0, 30, 2672.38
1543700197, 9, 814, 817, 313, 2, 0.93%, 48, 0, 30, 2682.30
1543700207, 9, 815, 817, 312, 2, 0.93%, 48, 0, 30, 2420.82
1543700421, 9, 816, 817, 311, 1, 0.93%, 48, 0, 30, 2432.53
1543700467, 9, 816, 819, 313, 1, 0.93%, 48, 0, 30, 1692.66
1543700472, 9, 816, 820, 314, 1, 0.93%, 48, 0, 30, 2428.00
1543700477, 9, 817, 820, 313, 1, 0.93%, 48, 0, 30, 2540.49
1543700558, 9, 817, 821, 314, 1, 0.93%, 48, 0, 30, 2549.34
1543700569, 9, 820, 821, 313, 1, 0.93%, 48, 0, 30, 2482.54
1543700727, 9, 820, 822, 314, 1, 0.93%, 48, 0, 30, 2515.89
1543700732, 9, 820, 823, 315, 1, 0.93%, 48, 0, 30, 2513.61
1543700737, 9, 821, 823, 314, 1, 0.93%, 48, 0, 30, 2465.47
1543700963, 9, 821, 824, 315, 1, 0.93%, 48, 0, 30, 181.53
1543700978, 9, 823, 824, 314, 1, 0.93%, 48, 0, 30, 2207.62
1543701513, 10, 35, 824, 313, 0, 0.93%, 48, 0, 30, 1387.63
1543701518, 10, 287, 824, 310, 1, 0.93%, 48, 0, 30, 2443.49
1543701523, 10, 370, 824, 310, 1, 0.93%, 48, 0, 30, 2621.51
1543701528, 10, 661, 824, 309, 1, 0.93%, 48, 0, 30, 2629.29
1543701554, 10, 669, 824, 308, 0, 0.93%, 48, 0, 30, 2612.44
1543701574, 10, 671, 824, 307, 0, 0.93%, 48, 0, 30, 2586.99
1543701605, 10, 672, 824, 306, 0, 0.93%, 48, 0, 30, 2529.68
1543701641, 10, 674, 824, 305, 0, 0.93%, 48, 0, 30, 2537.50
1543701651, 10, 679, 824, 304, 0, 0.93%, 48, 0, 30, 2436.61
1543701692, 10, 684, 824, 303, 0, 0.93%, 48, 0, 30, 2550.51
1543701718, 10, 684, 826, 305, 0, 0.93%, 48, 0, 30, 2565.97
1543701728, 10, 825, 826, 304, 1, 0.93%, 48, 0, 30, 2546.99
1543701763, 11, 25, 826, 303, 0, 0.93%, 48, 0, 30, 2632.40
1543701768, 11, 50, 826, 303, 0, 0.93%, 48, 0, 30, 2657.49
1543701773, 11, 116, 826, 301, 0, 0.93%, 48, 0, 30, 2629.80
1543701778, 11, 153, 826, 299, 0, 0.93%, 48, 0, 30, 2690.59
1543701783, 11, 194, 826, 297, 0, 0.93%, 48, 0, 30, 2516.63
1543701788, 11, 200, 826, 296, 0, 0.93%, 48, 0, 30, 2673.75
1543701793, 11, 210, 826, 294, 0, 0.93%, 48, 0, 30, 2548.70
1543701798, 11, 219, 826, 294, 0, 0.93%, 48, 0, 30, 2676.61
1543701809, 11, 222, 826, 293, 0, 0.93%, 48, 0, 30, 2517.44
1543701814, 11, 238, 826, 292, 0, 0.93%, 48, 0, 30, 2650.63
1543701819, 11, 243, 826, 292, 0, 0.93%, 48, 0, 30, 2640.04
1543701824, 11, 258, 826, 292, 0, 0.93%, 48, 0, 30, 239.85
1543701829, 11, 276, 826, 292, 0, 0.93%, 48, 0, 30, 2607.03
1543701834, 11, 284, 826, 292, 0, 0.93%, 48, 0, 30, 2545.69
1543701839, 11, 287, 826, 291, 0, 0.93%, 48, 0, 30, 2513.41
1543701844, 11, 301, 826, 291, 0, 0.93%, 48, 0, 30, 2637.27
1543701849, 11, 305, 826, 291, 0, 0.93%, 48, 0, 30, 2658.06
1543701854, 11, 331, 826, 290, 0, 0.93%, 48, 0, 30, 2637.04
1543701859, 11, 341, 826, 289, 0, 0.93%, 48, 0, 30, 2635.50
1543701865, 11, 349, 826, 287, 0, 0.93%, 48, 0, 30, 2609.70
1543701870, 11, 355, 826, 287, 0, 0.93%, 48, 0, 30, 2662.84
1543701875, 11, 364, 826, 285, 0, 0.93%, 48, 0, 30, 2678.01
1543701880, 11, 368, 826, 284, 0, 0.93%, 48, 0, 30, 2656.69
1543701885, 11, 375, 826, 283, 0, 0.93%, 48, 0, 30, 2682.16
1543701890, 11, 378, 826, 281, 0, 0.93%, 48, 0, 30, 2716.74
1543701895, 11, 534, 827, 281, 1, 0.93%, 48, 0, 30, 2669.91
1543701916, 11, 630, 827, 280, 1, 0.93%, 48, 0, 30, 2569.99
1543701936, 11, 748, 827, 279, 1, 0.93%, 48, 0, 30, 2624.64
1543701941, 11, 826, 827, 279, 1, 0.93%, 48, 0, 30, 2672.39
1543701946, 11, 826, 828, 280, 1, 0.93%, 48, 0, 30, 2634.32
1543701951, 11, 826, 829, 281, 1, 0.93%, 48, 0, 30, 207.05
1543701962, 11, 828, 830, 281, 1, 0.93%, 48, 0, 30, 2603.13
1543701967, 11, 828, 831, 282, 1, 0.93%, 48, 0, 30, 2628.83
1543701972, 11, 828, 833, 284, 1, 0.93%, 48, 0, 30, 2647.06
1543701977, 11, 830, 833, 283, 1, 0.93%, 48, 0, 30, 2588.93
1543701992, 11, 830, 834, 284, 1, 0.93%, 48, 0, 30, 2677.13
1543702003, 11, 833, 834, 283, 1, 0.93%, 48, 0, 30, 2592.78
1543702084, 11, 833, 836, 285, 1, 0.93%, 48, 0, 30, 2515.16
1543702089, 11, 833, 837, 286, 1, 0.93%, 48, 0, 30, 2506.16
1543702100, 11, 836, 837, 285, 1, 0.93%, 48, 0, 30, 2101.58
1543702187, 12, 37, 837, 283, 0, 0.93%, 48, 0, 30, 2528.68
1543702192, 12, 99, 837, 283, 0, 0.93%, 48, 0, 30, 2623.80
1543702197, 12, 137, 837, 283, 0, 0.93%, 48, 0, 30, 2666.97
1543702202, 12, 155, 837, 282, 0, 0.93%, 48, 0, 30, 2713.02
1543702207, 12, 168, 837, 280, 0, 0.93%, 48, 0, 30, 2709.47
1543702212, 12, 198, 837, 277, 0, 0.93%, 48, 0, 30, 2687.83
1543702217, 12, 216, 837, 277, 0, 0.93%, 48, 0, 30, 2649.02
1543702222, 12, 237, 837, 276, 0, 0.93%, 48, 0, 30, 2633.11
1543702227, 12, 243, 837, 276, 0, 0.93%, 48, 0, 30, 2668.57
1543702233, 12, 250, 837, 276, 0, 0.93%, 48, 0, 30, 2653.06
1543702238, 12, 269, 837, 275, 0, 0.93%, 48, 0, 30, 2652.66
1543702243, 12, 282, 837, 275, 0, 0.93%, 48, 0, 30, 2655.74
1543702248, 12, 301, 837, 275, 0, 0.93%, 48, 0, 30, 2587.68
1543702253, 12, 311, 837, 274, 0, 0.93%, 48, 0, 30, 2618.32
1543702258, 12, 341, 837, 273, 0, 0.93%, 48, 0, 30, 2664.32
1543702263, 12, 348, 837, 272, 0, 0.93%, 48, 0, 30, 2679.21
1543702268, 12, 357, 837, 271, 0, 0.93%, 48, 0, 30, 2679.26
1543702273, 12, 367, 837, 270, 0, 0.93%, 48, 0, 30, 2689.34
1543702278, 12, 372, 837, 269, 0, 0.93%, 48, 0, 30, 2683.79
1543702283, 12, 373, 837, 268, 0, 0.93%, 48, 0, 30, 2660.12
1543702288, 12, 397, 837, 266, 0, 0.93%, 48, 0, 30, 2639.30
1543702293, 12, 399, 837, 266, 0, 0.93%, 48, 0, 30, 2639.40
1543702299, 12, 411, 837, 265, 0, 0.93%, 48, 0, 30, 2561.79
1543702304, 12, 416, 837, 264, 0, 0.93%, 48, 0, 30, 2650.17
1543702309, 12, 418, 837, 263, 0, 0.93%, 48, 0, 30, 2688.04
1543702314, 12, 430, 837, 262, 0, 0.93%, 48, 0, 30, 2729.94
1543702319, 12, 433, 837, 261, 0, 0.93%, 48, 0, 30, 2711.24
1543702324, 12, 439, 837, 260, 0, 0.93%, 48, 0, 30, 2702.33
1543702334, 12, 456, 837, 259, 0, 0.93%, 48, 0, 30, 2668.27
1543702349, 12, 471, 837, 258, 0, 0.93%, 48, 0, 30, 2594.12
1543702364, 12, 477, 837, 257, 0, 0.93%, 48, 0, 30, 2649.16
1543702374, 12, 486, 837, 256, 0, 0.93%, 48, 0, 30, 2545.26
1543702380, 12, 503, 837, 255, 0, 0.93%, 48, 0, 30, 355.07
1543702395, 12, 506, 837, 254, 0, 0.93%, 48, 0, 30, 2633.05
1543702400, 12, 514, 837, 253, 0, 0.93%, 48, 0, 30, 2559.65
1543702410, 12, 517, 837, 252, 0, 0.93%, 48, 0, 30, 2663.03
1543702415, 12, 517, 839, 254, 0, 0.94%, 48, 0, 30, 2670.10
1543702426, 12, 580, 839, 253, 2, 0.94%, 48, 0, 30, 2660.45
1543702431, 12, 837, 839, 253, 2, 0.94%, 48, 0, 30, 2652.89
1543702436, 12, 837, 840, 254, 2, 0.94%, 48, 0, 30, 2709.88
1543702446, 12, 837, 841, 255, 2, 0.94%, 48, 0, 30, 2682.55
1543702451, 12, 838, 843, 256, 2, 0.95%, 48, 0, 30, 2658.45
1543702467, 12, 839, 843, 255, 3, 0.95%, 48, 0, 30, 2508.28
1543702477, 12, 841, 843, 254, 2, 0.95%, 48, 0, 30, 2650.91
1543702482, 12, 842, 843, 253, 1, 0.95%, 48, 0, 30, 2647.58
1543702492, 13, 37, 843, 252, 0, 0.95%, 48, 0, 30, 2638.32
1543702497, 13, 50, 843, 251, 0, 0.95%, 48, 0, 30, 2617.23
1543702502, 13, 99, 843, 251, 0, 0.95%, 48, 0, 30, 2640.61
1543702508, 13, 116, 843, 250, 0, 0.95%, 48, 0, 30, 2516.31
1543702513, 13, 137, 843, 249, 0, 0.95%, 48, 0, 30, 2628.17
1543702518, 13, 160, 843, 248, 0, 0.95%, 48, 0, 30, 2655.05
1543702523, 13, 198, 843, 245, 0, 0.95%, 48, 0, 30, 2663.55
1543702528, 13, 213, 843, 245, 0, 0.95%, 48, 0, 30, 2698.10
1543702533, 13, 237, 843, 245, 0, 0.95%, 48, 0, 30, 2681.52
1543702538, 13, 243, 843, 245, 0, 0.95%, 48, 0, 30, 2664.84
1543702543, 13, 250, 843, 245, 0, 0.95%, 48, 0, 30, 2665.54
1543702548, 13, 269, 843, 245, 0, 0.95%, 48, 0, 30, 273.13
1543702553, 13, 273, 843, 245, 0, 0.95%, 48, 0, 30, 79.60
1543702558, 13, 277, 843, 244, 0, 0.95%, 48, 0, 30, 2699.93
1543702563, 13, 301, 843, 243, 0, 0.95%, 48, 0, 30, 2709.99
1543702569, 13, 312, 844, 244, 0, 0.95%, 48, 0, 30, 2628.20
1543702574, 13, 482, 844, 244, 1, 0.95%, 48, 0, 30, 2649.40
1543702589, 13, 527, 844, 243, 1, 0.95%, 48, 0, 30, 2533.75
1543702599, 13, 644, 844, 242, 1, 0.95%, 48, 0, 30, 2610.40
1543702604, 13, 843, 844, 242, 1, 0.95%, 48, 0, 30, 207.09
1543702609, 13, 843, 846, 244, 1, 0.95%, 48, 0, 30, 2507.25
1543702620, 13, 844, 846, 243, 1, 0.95%, 48, 0, 30, 2678.93
1543702630, 14, 23, 846, 242, 0, 0.95%, 48, 0, 30, 2639.07
1543702635, 14, 47, 846, 242, 0, 0.95%, 48, 0, 30, 2666.64
1543702640, 14, 84, 846, 242, 0, 0.95%, 48, 0, 30, 2665.80
1543702645, 14, 114, 846, 242, 0, 0.95%, 48, 0, 30, 2679.54
1543702650, 14, 140, 846, 241, 0, 0.95%, 48, 0, 30, 2686.81
1543702655, 14, 191, 846, 240, 0, 0.95%, 48, 0, 30, 2684.56
1543702660, 14, 198, 846, 239, 0, 0.95%, 48, 0, 30, 2655.25
1543702665, 14, 213, 846, 239, 0, 0.95%, 48, 0, 30, 2694.05
1543702670, 14, 237, 846, 239, 0, 0.95%, 48, 0, 30, 2660.12
1543702675, 14, 242, 846, 239, 0, 0.95%, 48, 0, 30, 2641.07
1543702680, 14, 247, 846, 239, 0, 0.95%, 48, 0, 30, 2656.85
1543702685, 14, 269, 846, 239, 0, 0.95%, 48, 0, 30, 2682.81
1543702690, 14, 282, 846, 239, 0, 0.95%, 48, 0, 30, 2558.07
1543702695, 14, 318, 846, 239, 0, 0.95%, 48, 0, 30, 312.52
1543702701, 14, 325, 846, 238, 0, 0.95%, 48, 0, 30, 2460.17
1543702706, 14, 327, 846, 237, 0, 0.95%, 48, 0, 30, 2713.90
1543702711, 14, 328, 846, 236, 0, 0.95%, 48, 0, 30, 2718.65
1543702716, 14, 332, 846, 235, 0, 0.95%, 48, 0, 30, 2696.40
1543702721, 14, 349, 846, 233, 0, 0.95%, 48, 0, 30, 2640.53
1543702726, 14, 369, 846, 233, 0, 0.95%, 48, 0, 30, 175.14
1543702731, 14, 383, 846, 232, 0, 0.95%, 48, 0, 30, 2616.86
1543702737, 14, 383, 847, 233, 0, 0.95%, 48, 0, 30, 2643.31
1543702742, 14, 736, 847, 232, 1, 0.95%, 48, 0, 30, 2451.82
1543702792, 14, 756, 847, 231, 1, 0.95%, 48, 0, 30, 1660.98
1543703222, 14, 756, 848, 232, 1, 0.95%, 48, 0, 30, 1538.24
1543703243, 14, 846, 848, 231, 2, 0.95%, 48, 0, 30, 2271.54
1543703248, 14, 846, 849, 232, 2, 0.95%, 48, 0, 30, 2601.00
1543703253, 14, 846, 849, 232, 2, 0.95%, 49, 0, 30, 2665.11
1543703263, 14, 847, 849, 231, 2, 0.95%, 49, 0, 30, 1567.40
1543704241, 14, 848, 849, 230, 1, 0.95%, 49, 0, 30, 2010.37
1543704267, 14, 848, 850, 231, 1, 0.95%, 49, 0, 30, 2498.63
1543704277, 14, 849, 850, 230, 1, 0.95%, 50, 0, 30, 2421.79
1543704338, 14, 849, 851, 231, 1, 0.95%, 50, 0, 30, 2427.45
1543704354, 14, 850, 851, 230, 1, 0.95%, 50, 0, 30, 2244.76
1543704476, 14, 850, 852, 231, 1, 0.95%, 50, 0, 30, 2238.65
1543704481, 14, 850, 853, 232, 1, 0.95%, 50, 0, 30, 2328.30
1543704492, 14, 851, 853, 231, 1, 0.95%, 50, 0, 30, 1977.17
1543704737, 15, 40, 853, 230, 0, 0.95%, 50, 0, 30, 2458.03
1543704742, 15, 55, 853, 230, 0, 0.95%, 50, 0, 30, 2594.09
1543704747, 15, 99, 853, 228, 0, 0.95%, 50, 0, 30, 2599.20
1543704752, 15, 143, 853, 228, 0, 0.95%, 50, 0, 30, 2604.05
1543704757, 15, 154, 853, 226, 0, 0.95%, 50, 0, 30, 490.56
1543704762, 15, 171, 853, 225, 0, 0.95%, 50, 0, 30, 800.59
1543704767, 15, 191, 853, 224, 0, 0.95%, 50, 0, 30, 1519.88
1543704772, 15, 212, 853, 224, 0, 0.95%, 50, 0, 30, 2431.30
1543704778, 15, 218, 853, 224, 0, 0.95%, 50, 0, 30, 2550.30
1543704783, 15, 221, 853, 223, 0, 0.95%, 50, 0, 30, 2586.41
1543704788, 15, 237, 853, 222, 0, 0.95%, 50, 0, 30, 2638.54
1543704793, 15, 241, 853, 222, 0, 0.95%, 50, 0, 30, 2507.90
1543704798, 15, 247, 853, 222, 0, 0.95%, 50, 0, 30, 2603.08
1543704803, 15, 253, 853, 222, 0, 0.95%, 50, 0, 30, 253.30
1543704808, 15, 255, 853, 222, 0, 0.95%, 50, 0, 30, 2625.14
1543704813, 15, 262, 853, 221, 0, 0.95%, 50, 0, 30, 2608.07
1543704818, 15, 281, 853, 220, 0, 0.95%, 50, 0, 30, 2600.89
1543704823, 15, 301, 853, 219, 0, 0.95%, 50, 0, 30, 2627.73
1543704829, 15, 349, 853, 219, 0, 0.95%, 50, 0, 30, 2547.98
1543704834, 15, 387, 853, 219, 0, 0.95%, 50, 0, 30, 2594.19
1543704839, 15, 479, 854, 220, 1, 0.95%, 50, 0, 30, 2518.26
1543704844, 15, 564, 854, 220, 1, 0.95%, 50, 0, 30, 2525.75
1543704859, 15, 853, 855, 220, 1, 0.95%, 50, 0, 30, 2740.85
1543704869, 15, 853, 856, 221, 1, 0.95%, 50, 0, 30, 2655.56
1543704880, 15, 854, 856, 220, 2, 0.95%, 50, 0, 30, 1703.04
1543704890, 15, 854, 857, 221, 2, 0.95%, 50, 0, 30, 2624.13
1543704900, 15, 855, 857, 220, 2, 0.95%, 50, 0, 30, 2780.37
1543704926, 15, 856, 857, 219, 1, 0.95%, 50, 0, 30, 2474.18
1543704951, 16, 23, 857, 218, 0, 0.95%, 50, 0, 30, 2407.49
1543704956, 16, 41, 857, 218, 0, 0.95%, 50, 0, 30, 1628.07
1543704961, 16, 55, 857, 218, 0, 0.95%, 50, 0, 30, 2408.56
1543704967, 16, 99, 857, 218, 0, 0.95%, 50, 0, 30, 2641.08
1543704972, 16, 158, 857, 218, 0, 0.95%, 50, 0, 30, 2619.07
1543704977, 16, 195, 857, 217, 0, 0.95%, 50, 0, 30, 2606.83
1543704982, 16, 213, 857, 216, 0, 0.95%, 50, 0, 30, 2601.21
1543704987, 16, 236, 857, 216, 0, 0.95%, 50, 0, 30, 2636.51
1543704992, 16, 241, 857, 216, 0, 0.95%, 50, 0, 30, 2651.97
1543704998, 16, 246, 857, 216, 0, 0.95%, 50, 0, 30, 2625.51
1543705003, 16, 269, 857, 216, 0, 0.95%, 50, 0, 30, 2661.64
1543705008, 16, 282, 857, 216, 0, 0.95%, 50, 0, 30, 2645.05
1543705013, 16, 298, 857, 216, 0, 0.95%, 50, 0, 30, 2631.46
1543705023, 16, 301, 857, 215, 0, 0.95%, 50, 0, 30, 2622.74
1543705028, 16, 315, 857, 215, 0, 0.95%, 50, 0, 30, 2593.49
1543705033, 16, 329, 857, 214, 0, 0.95%, 50, 0, 30, 2599.71
1543705038, 16, 368, 857, 213, 0, 0.95%, 50, 0, 30, 2500.90
1543705043, 16, 391, 857, 213, 0, 0.95%, 50, 0, 30, 2536.27
1543705049, 16, 393, 857, 212, 0, 0.95%, 50, 0, 30, 2618.98
1543705054, 16, 400, 857, 211, 0, 0.95%, 50, 0, 30, 2654.39
1543705059, 16, 407, 857, 209, 0, 0.95%, 50, 0, 30, 2610.33
1543705064, 16, 419, 857, 208, 0, 0.95%, 50, 0, 30, 2644.89
1543705074, 16, 420, 857, 207, 0, 0.95%, 50, 0, 30, 2543.75
1543705084, 16, 425, 857, 206, 0, 0.95%, 50, 0, 30, 2614.37
1543705089, 16, 434, 857, 205, 0, 0.95%, 50, 0, 30, 2635.04
1543705099, 16, 457, 857, 204, 0, 0.95%, 50, 0, 30, 2586.42
1543705110, 16, 469, 857, 203, 0, 0.95%, 50, 0, 30, 2608.28
1543705125, 16, 472, 857, 202, 0, 0.95%, 50, 0, 30, 393.72
1543705135, 16, 473, 857, 201, 0, 0.95%, 50, 0, 30, 2465.39
1543705151, 16, 474, 857, 200, 0, 0.95%, 50, 0, 30, 2443.27
1543705161, 16, 476, 857, 199, 0, 0.95%, 50, 0, 30, 2664.96
1543705171, 16, 483, 857, 198, 0, 0.95%, 50, 0, 30, 2591.23
1543705181, 16, 487, 857, 197, 0, 0.95%, 50, 0, 30, 2557.50
1543705186, 16, 492, 857, 196, 0, 0.95%, 50, 0, 30, 2610.93
1543705197, 16, 516, 857, 195, 0, 0.95%, 50, 0, 30, 2621.27
1543705202, 16, 523, 857, 195, 0, 0.95%, 50, 0, 30, 2617.28
1543705212, 16, 525, 857, 194, 0, 0.95%, 50, 0, 30, 2625.05
1543705222, 16, 525, 858, 195, 0, 0.95%, 50, 0, 30, 1909.31
1543705227, 16, 646, 858, 194, 1, 0.95%, 50, 0, 30, 2429.77
1543705248, 16, 706, 858, 193, 1, 0.95%, 50, 0, 30, 2484.58
1543705288, 16, 840, 858, 192, 2, 0.95%, 50, 0, 30, 2583.43
1543705299, 16, 840, 860, 194, 2, 0.95%, 50, 0, 30, 2612.01
1543705304, 16, 840, 861, 195, 2, 0.95%, 50, 0, 30, 2619.57
1543705309, 16, 857, 861, 194, 2, 0.95%, 50, 0, 30, 2617.64
1543705324, 16, 858, 861, 193, 1, 0.95%, 50, 0, 30, 2585.07
1543705350, 16, 858, 862, 194, 1, 0.95%, 50, 0, 30, 2601.54
1543705360, 16, 861, 863, 194, 2, 0.95%, 50, 0, 30, 2676.27
1543705391, 16, 861, 864, 195, 2, 0.95%, 50, 0, 30, 2588.88
1543705406, 16, 862, 864, 194, 2, 0.95%, 50, 0, 30, 2511.48
1543705437, 16, 862, 865, 195, 2, 0.95%, 50, 0, 30, 2552.47
1543705452, 16, 864, 865, 194, 1, 0.95%, 50, 0, 30, 2267.08
1543705534, 17, 23, 865, 193, 0, 0.95%, 50, 0, 30, 2470.98
1543705539, 17, 50, 865, 193, 0, 0.95%, 50, 0, 30, 2584.12
1543705544, 17, 99, 865, 193, 0, 0.95%, 50, 0, 30, 2626.22
1543705550, 17, 154, 865, 192, 0, 0.95%, 50, 0, 30, 2631.98
1543705555, 17, 192, 865, 191, 0, 0.95%, 50, 0, 30, 2646.05
1543705560, 17, 210, 865, 190, 0, 0.95%, 50, 0, 30, 2592.64
1543705565, 17, 216, 865, 190, 0, 0.95%, 50, 0, 30, 2635.92
1543705570, 17, 237, 865, 190, 0, 0.95%, 50, 0, 30, 2660.97
1543705575, 17, 243, 865, 190, 0, 0.95%, 50, 0, 30, 2667.89
1543705580, 17, 255, 865, 190, 0, 0.95%, 50, 0, 30, 2632.12
1543705585, 17, 269, 865, 190, 0, 0.95%, 50, 0, 30, 2667.71
1543705591, 17, 281, 865, 190, 0, 0.95%, 50, 0, 30, 254.44
1543705596, 17, 289, 865, 190, 0, 0.95%, 50, 0, 30, 2630.17
1543705601, 17, 305, 865, 190, 0, 0.95%, 50, 0, 30, 2408.49
1543705606, 17, 335, 865, 190, 0, 0.95%, 50, 0, 30, 2621.30
1543705611, 17, 353, 865, 189, 0, 0.95%, 50, 0, 30, 260.22
1543705621, 17, 398, 865, 188, 0, 0.95%, 50, 0, 30, 2648.18
1543705626, 17, 401, 865, 187, 0, 0.95%, 50, 0, 30, 2638.85
1543705632, 17, 404, 865, 186, 0, 0.95%, 50, 0, 30, 2550.58
1543705637, 17, 431, 865, 185, 0, 0.95%, 50, 0, 30, 2583.59
1543705642, 17, 442, 865, 185, 0, 0.95%, 50, 0, 30, 2591.64
1543705652, 17, 444, 865, 184, 0, 0.95%, 50, 0, 30, 2625.38
1543705657, 17, 465, 865, 183, 0, 0.95%, 50, 0, 30, 2604.85
1543705662, 17, 480, 865, 183, 0, 0.95%, 50, 0, 30, 2625.64
1543705668, 17, 481, 865, 182, 0, 0.95%, 50, 0, 30, 2646.35
1543705678, 17, 489, 865, 181, 0, 0.95%, 50, 0, 30, 2623.07
1543705683, 17, 497, 865, 180, 0, 0.95%, 50, 0, 30, 2597.57
1543705698, 17, 512, 865, 179, 0, 0.95%, 50, 0, 30, 235.71
1543705709, 17, 519, 865, 178, 0, 0.95%, 50, 0, 30, 2590.17
1543705714, 17, 540, 865, 177, 0, 0.95%, 50, 0, 30, 339.87
1543705724, 17, 547, 865, 176, 0, 0.95%, 50, 0, 30, 2440.53
1543705740, 17, 550, 865, 175, 0, 0.95%, 50, 0, 30, 2594.13
1543705755, 17, 560, 865, 174, 0, 0.95%, 50, 0, 30, 185.12
1543705770, 17, 567, 865, 173, 0, 0.95%, 50, 0, 30, 2562.17
1543705785, 17, 579, 865, 172, 0, 0.95%, 50, 0, 30, 2559.97
1543705800, 17, 602, 865, 171, 0, 0.95%, 50, 0, 30, 2500.14
1543705831, 17, 603, 865, 170, 0, 0.95%, 50, 0, 30, 426.23
1543705856, 17, 611, 865, 169, 0, 0.95%, 50, 0, 30, 2556.24
1543705877, 17, 612, 865, 168, 0, 0.95%, 50, 0, 30, 2472.82
1543705902, 17, 614, 865, 167, 0, 0.95%, 50, 0, 30, 2621.67
1543705917, 17, 617, 865, 166, 0, 0.95%, 50, 0, 30, 2612.28
1543705922, 17, 625, 865, 166, 0, 0.95%, 50, 0, 30, 2507.22
1543705968, 17, 633, 865, 165, 0, 0.95%, 50, 0, 30, 2503.73
1543705994, 17, 634, 865, 164, 0, 0.95%, 50, 0, 30, 2557.87
1543706009, 17, 634, 866, 165, 0, 0.95%, 50, 0, 30, 2589.75
1543706014, 17, 647, 866, 164, 1, 0.95%, 50, 0, 30, 2584.55
1543706019, 17, 804, 866, 164, 1, 0.95%, 50, 0, 30, 2550.96
1543706055, 17, 807, 866, 163, 1, 0.95%, 50, 0, 30, 232.54
1543706224, 17, 865, 866, 162, 1, 0.95%, 50, 0, 30, 2408.92
1543706255, 18, 9, 866, 161, 0, 0.95%, 50, 0, 30, 2616.30
1543706260, 18, 47, 866, 161, 0, 0.95%, 50, 0, 30, 2653.02
1543706265, 18, 92, 866, 161, 0, 0.95%, 50, 0, 30, 2665.33
1543706270, 18, 142, 866, 159, 0, 0.95%, 50, 0, 30, 2622.44
1543706276, 18, 179, 866, 159, 0, 0.95%, 50, 0, 30, 2626.66
1543706281, 18, 208, 866, 159, 0, 0.95%, 50, 0, 30, 2666.44
1543706286, 18, 213, 866, 158, 0, 0.95%, 50, 0, 30, 2660.38
1543706291, 18, 236, 866, 158, 0, 0.95%, 50, 0, 30, 2624.15
1543706296, 18, 241, 866, 158, 0, 0.95%, 50, 0, 30, 2512.34
1543706301, 18, 244, 866, 158, 0, 0.95%, 50, 0, 30, 2618.38
1543706306, 18, 246, 866, 158, 0, 0.95%, 50, 0, 30, 189.12
1543706311, 18, 255, 866, 158, 0, 0.95%, 50, 0, 30, 289.97
1543706316, 18, 269, 866, 158, 0, 0.95%, 50, 0, 30, 2565.41
1543706322, 18, 282, 866, 158, 0, 0.95%, 50, 0, 30, 2427.50
1543706327, 18, 299, 866, 158, 0, 0.95%, 50, 0, 30, 2493.90
1543706332, 18, 352, 866, 158, 0, 0.95%, 50, 0, 30, 2602.66
1543706337, 18, 362, 866, 158, 0, 0.95%, 50, 0, 30, 2602.50
1543706342, 18, 414, 866, 157, 0, 0.95%, 50, 0, 30, 2579.98
1543706347, 18, 431, 866, 156, 0, 0.95%, 50, 0, 30, 2570.03
1543706352, 18, 446, 866, 156, 0, 0.95%, 50, 0, 30, 2541.84
1543706357, 18, 451, 866, 155, 0, 0.95%, 50, 0, 30, 2600.30
1543706367, 18, 451, 868, 157, 0, 0.95%, 50, 0, 30, 2619.97
1543706378, 18, 853, 868, 156, 2, 0.95%, 50, 0, 30, 2554.63
1543706383, 18, 866, 868, 156, 2, 0.95%, 50, 0, 30, 2600.47
1543706393, 18, 866, 869, 157, 2, 0.95%, 50, 0, 30, 2637.02
1543706403, 18, 867, 869, 156, 2, 0.95%, 50, 0, 30, 2350.91
1543706460, 18, 867, 871, 158, 2, 0.95%, 50, 0, 30, 2443.53
1543706475, 18, 868, 871, 157, 2, 0.95%, 50, 0, 30, 2474.21
1543706495, 18, 868, 872, 158, 2, 0.95%, 50, 0, 30, 2562.38
1543706506, 18, 870, 872, 157, 2, 0.95%, 50, 0, 30, 2254.58
1543706603, 18, 870, 873, 158, 2, 0.95%, 50, 0, 30, 2357.47
1543706619, 18, 871, 873, 157, 2, 0.95%, 50, 0, 30, 2453.67
1543706680, 18, 871, 874, 158, 2, 0.95%, 50, 0, 30, 2509.49
1543706690, 18, 872, 874, 157, 2, 0.95%, 50, 0, 30, 2296.05
1543706900, 18, 872, 875, 158, 2, 0.95%, 50, 0, 30, 2220.47
1543706915, 18, 873, 875, 157, 2, 0.95%, 50, 0, 30, 2310.13
1543707165, 18, 873, 876, 158, 2, 0.95%, 50, 0, 30, 2343.90
1543707186, 18, 874, 876, 157, 2, 0.95%, 50, 0, 30, 1935.14
1543707641, 18, 874, 877, 158, 2, 0.95%, 50, 0, 30, 1333.91
1543707657, 18, 875, 877, 157, 2, 0.95%, 50, 0, 30, 2177.54
1543707943, 18, 876, 877, 156, 1, 0.95%, 50, 0, 30, 1850.87
1543707948, 19, 50, 877, 155, 0, 0.95%, 50, 0, 30, 2461.40
1543707953, 19, 64, 877, 154, 0, 0.95%, 50, 0, 30, 2528.22
1543707958, 19, 135, 877, 153, 0, 0.95%, 50, 0, 30, 2636.80
1543707963, 19, 151, 877, 153, 0, 0.95%, 50, 0, 30, 2642.71
1543707969, 19, 198, 877, 153, 0, 0.95%, 50, 0, 30, 2647.58
1543707974, 19, 212, 877, 153, 0, 0.95%, 50, 0, 30, 2649.32
1543707979, 19, 221, 877, 153, 0, 0.95%, 50, 0, 30, 2655.68
1543707984, 19, 238, 877, 153, 0, 0.95%, 50, 0, 30, 2666.70
1543707989, 19, 533, 878, 154, 1, 0.95%, 50, 0, 30, 2606.76
1543707994, 19, 877, 879, 155, 1, 0.95%, 50, 0, 30, 340.00
1543707999, 19, 878, 879, 154, 1, 0.95%, 50, 0, 30, 2547.22
1543708004, 20, 23, 879, 153, 0, 0.95%, 50, 0, 30, 234.43
1543708009, 20, 38, 879, 153, 0, 0.95%, 50, 0, 30, 2545.76
1543708014, 20, 55, 879, 153, 0, 0.95%, 50, 0, 30, 2528.75
1543708019, 20, 99, 879, 152, 0, 0.95%, 50, 0, 30, 2645.69
1543708025, 20, 143, 879, 152, 0, 0.95%, 50, 0, 30, 2642.31
1543708030, 20, 192, 879, 151, 0, 0.95%, 50, 0, 30, 2659.14
1543708035, 20, 209, 879, 151, 0, 0.95%, 50, 0, 30, 2625.71
1543708040, 20, 216, 879, 151, 0, 0.95%, 50, 0, 30, 2619.80
1543708045, 20, 237, 879, 151, 0, 0.95%, 50, 0, 30, 254.32
1543708050, 20, 242, 879, 151, 0, 0.95%, 50, 0, 30, 2577.03
1543708055, 20, 247, 879, 151, 0, 0.95%, 50, 0, 30, 2613.77
1543708060, 20, 260, 879, 151, 0, 0.95%, 50, 0, 30, 201.88
1543708065, 20, 281, 879, 151, 0, 0.95%, 50, 0, 30, 2534.89
1543708071, 20, 288, 879, 151, 0, 0.95%, 50, 0, 30, 2451.32
1543708076, 20, 330, 879, 151, 0, 0.95%, 50, 0, 30, 2547.75
1543708081, 20, 340, 879, 151, 0, 0.95%, 50, 0, 30, 2566.58
1543708086, 20, 384, 879, 150, 0, 0.95%, 50, 0, 30, 2635.95
1543708091, 20, 387, 879, 149, 0, 0.95%, 50, 0, 30, 2641.30
1543708096, 20, 423, 879, 149, 0, 0.95%, 50, 0, 30, 2614.01
1543708101, 20, 427, 879, 148, 0, 0.95%, 50, 0, 30, 2535.44
1543708111, 20, 436, 879, 147, 0, 0.95%, 50, 0, 30, 2570.35
1543708127, 20, 450, 879, 146, 0, 0.95%, 50, 0, 30, 188.44
1543708132, 20, 461, 879, 145, 0, 0.95%, 50, 0, 30, 2543.95
1543708142, 20, 465, 879, 144, 0, 0.95%, 50, 0, 30, 2523.02
1543708147, 20, 520, 879, 144, 0, 0.95%, 50, 0, 30, 2528.50
1543708163, 20, 535, 879, 143, 0, 0.95%, 50, 0, 30, 144.87
1543708178, 20, 547, 879, 142, 0, 0.95%, 50, 0, 30, 2466.33
1543708183, 20, 554, 879, 142, 0, 0.95%, 50, 0, 30, 2512.13
1543708199, 20, 555, 879, 141, 0, 0.95%, 50, 0, 30, 2575.19
1543708209, 20, 582, 879, 140, 0, 0.95%, 50, 0, 30, 2563.17
1543708214, 20, 587, 879, 140, 0, 0.95%, 50, 0, 30, 2544.17
1543708234, 20, 591, 879, 139, 0, 0.95%, 50, 0, 30, 202.54
1543708240, 20, 593, 879, 139, 0, 0.95%, 50, 0, 30, 2557.32
1543708260, 20, 594, 879, 138, 0, 0.95%, 50, 0, 30, 2576.39
1543708280, 20, 618, 879, 137, 0, 0.95%, 50, 0, 30, 179.18
1543708285, 20, 620, 879, 137, 0, 0.95%, 50, 0, 30, 2310.92
1543708300, 20, 625, 879, 136, 0, 0.95%, 50, 0, 30, 2559.30
1543708305, 20, 641, 879, 136, 0, 0.95%, 50, 0, 30, 2485.35
1543708331, 20, 656, 879, 135, 0, 0.95%, 50, 0, 30, 2497.78
1543708367, 20, 661, 879, 134, 0, 0.95%, 50, 0, 30, 2355.15
1543708372, 20, 667, 879, 134, 0, 0.95%, 50, 0, 30, 2457.18
1543708407, 20, 824, 879, 133, 1, 0.95%, 50, 0, 30, 2461.43
1543708438, 20, 824, 881, 135, 1, 0.95%, 50, 0, 30, 2523.21
1543708443, 20, 863, 881, 134, 2, 0.95%, 50, 0, 30, 2544.33
1543708510, 20, 863, 882, 135, 2, 0.95%, 50, 0, 30, 110.26
1543708515, 20, 863, 883, 136, 2, 0.95%, 50, 0, 30, 2513.67
1543708526, 20, 879, 883, 135, 3, 0.95%, 50, 0, 30, 2325.99
1543708603, 20, 880, 883, 134, 2, 0.95%, 50, 0, 30, 2272.10
1543708664, 20, 880, 884, 135, 2, 0.95%, 50, 0, 30, 2305.97
1543708679, 20, 882, 884, 134, 2, 0.95%, 50, 0, 30, 2314.87
1543708766, 20, 882, 886, 136, 2, 0.95%, 50, 0, 30, 116.98
1543708771, 20, 882, 887, 137, 2, 0.95%, 50, 0, 30, 1890.95
1543708791, 20, 883, 887, 136, 2, 0.95%, 50, 0, 30, 2228.37
1543708848, 20, 883, 888, 137, 2, 0.95%, 50, 0, 30, 2284.70
1543708853, 20, 883, 889, 138, 2, 0.95%, 50, 0, 30, 2440.12
1543708858, 20, 883, 890, 139, 2, 0.95%, 50, 0, 30, 2434.94
1543708863, 20, 884, 891, 139, 4, 0.95%, 50, 0, 30, 2381.01
1543708955, 20, 888, 891, 138, 3, 0.95%, 50, 0, 30, 2321.91
1543709021, 20, 889, 891, 137, 2, 0.95%, 50, 0, 30, 2292.16
1543709093, 20, 890, 891, 136, 1, 0.95%, 50, 0, 30, 2360.03
1543709149, 21, 25, 891, 135, 0, 0.95%, 50, 0, 30, 2565.87
1543709159, 21, 54, 891, 135, 0, 0.95%, 50, 0, 30, 2539.41
1543709164, 21, 86, 891, 135, 0, 0.95%, 50, 0, 30, 208.96
1543709170, 21, 113, 891, 135, 0, 0.95%, 50, 0, 30, 2543.98
1543709175, 21, 143, 891, 135, 0, 0.95%, 50, 0, 30, 2596.43
1543709180, 21, 180, 891, 134, 0, 0.95%, 50, 0, 30, 2560.07
1543709185, 21, 198, 891, 134, 0, 0.95%, 50, 0, 30, 2606.00
1543709190, 21, 212, 891, 134, 0, 0.95%, 50, 0, 30, 2621.70
1543709195, 21, 216, 891, 133, 0, 0.95%, 50, 0, 30, 2642.80
1543709200, 21, 237, 891, 133, 0, 0.95%, 50, 0, 30, 2608.84
1543709205, 21, 242, 891, 133, 0, 0.95%, 50, 0, 30, 2624.56
1543709210, 21, 246, 891, 133, 0, 0.95%, 50, 0, 30, 155.58
1543709216, 21, 255, 891, 133, 0, 0.95%, 50, 0, 30, 856.85
1543709221, 21, 269, 892, 134, 0, 0.96%, 50, 0, 30, 2247.67
1543709226, 21, 500, 892, 134, 1, 0.96%, 50, 0, 30, 2533.48
1543709231, 21, 635, 892, 134, 1, 0.96%, 50, 0, 30, 2539.30
1543709251, 21, 731, 892, 133, 1, 0.96%, 50, 0, 30, 2557.80
1543709256, 22, 36, 892, 132, 0, 0.96%, 50, 0, 30, 2581.85
1543709262, 22, 55, 892, 132, 0, 0.96%, 50, 0, 30, 2613.60
1543709267, 22, 99, 892, 132, 0, 0.96%, 50, 0, 30, 134.32
1543709272, 22, 143, 892, 132, 0, 0.96%, 50, 0, 30, 2574.87
1543709277, 22, 148, 892, 132, 0, 0.96%, 50, 0, 30, 146.42
1543709282, 22, 153, 892, 131, 0, 0.96%, 50, 0, 30, 1334.47
1543709287, 22, 198, 892, 131, 0, 0.96%, 50, 0, 30, 2363.63
1543709292, 22, 209, 892, 131, 0, 0.96%, 50, 0, 30, 2412.31
1543709297, 22, 213, 892, 131, 0, 0.96%, 50, 0, 30, 164.45
1543709302, 22, 228, 892, 131, 0, 0.96%, 50, 0, 30, 157.57
1543709308, 22, 238, 892, 131, 0, 0.96%, 50, 0, 30, 2559.19
1543709313, 22, 243, 892, 131, 0, 0.96%, 50, 0, 30, 2609.94
1543709318, 22, 255, 892, 131, 0, 0.96%, 50, 0, 30, 2585.01
1543709323, 22, 276, 892, 131, 0, 0.96%, 50, 0, 30, 2460.01
1543709328, 22, 288, 892, 131, 0, 0.96%, 50, 0, 30, 2563.39
1543709333, 22, 307, 892, 131, 0, 0.96%, 50, 0, 30, 2615.70
1543709338, 22, 366, 892, 130, 0, 0.96%, 50, 0, 30, 166.71
1543709343, 22, 381, 892, 130, 0, 0.96%, 50, 0, 30, 2565.55
1543709348, 22, 413, 892, 129, 0, 0.96%, 50, 0, 30, 2593.13
1543709353, 22, 430, 892, 128, 0, 0.96%, 50, 0, 30, 2609.18
1543709359, 22, 459, 892, 128, 0, 0.96%, 50, 0, 30, 2563.50
1543709369, 22, 474, 892, 127, 0, 0.96%, 50, 0, 30, 2582.11
1543709374, 22, 496, 892, 127, 0, 0.96%, 50, 0, 30, 2598.03
1543709379, 22, 499, 892, 126, 0, 0.96%, 50, 0, 30, 2497.42
1543709384, 22, 507, 892, 125, 0, 0.96%, 50, 0, 30, 2555.22
1543709400, 22, 509, 892, 124, 0, 0.96%, 50, 0, 30, 2614.06
1543709410, 22, 512, 892, 123, 0, 0.96%, 50, 0, 30, 2596.87
1543709415, 22, 545, 892, 123, 0, 0.96%, 50, 0, 30, 2615.52
1543709425, 22, 550, 892, 122, 0, 0.96%, 50, 0, 30, 149.25
1543709430, 22, 561, 892, 122, 0, 0.96%, 50, 0, 30, 2502.52
1543709435, 22, 574, 892, 122, 0, 0.96%, 50, 0, 30, 2588.42
1543709445, 22, 582, 892, 121, 0, 0.96%, 50, 0, 30, 171.20
1543709450, 22, 586, 892, 120, 0, 0.96%, 50, 0, 30, 1791.93
1543709476, 22, 645, 892, 119, 0, 0.96%, 50, 0, 30, 2514.51
1543709496, 22, 654, 892, 118, 0, 0.96%, 50, 0, 30, 2546.52
1543709532, 22, 662, 892, 117, 0, 0.96%, 50, 0, 30, 1771.70
1543709537, 22, 668, 892, 117, 0, 0.96%, 50, 0, 30, 2323.23
1543709568, 22, 679, 892, 116, 0, 0.96%, 50, 0, 30, 2516.09
1543709573, 22, 680, 892, 116, 0, 0.96%, 50, 0, 30, 928.36
1543709613, 22, 688, 892, 115, 0, 0.96%, 50, 0, 30, 2436.17
1543709664, 22, 690, 892, 114, 0, 0.96%, 50, 0, 30, 2495.02
1543709690, 22, 697, 892, 113, 0, 0.96%, 50, 0, 30, 2504.60
1543709731, 22, 707, 892, 112, 0, 0.96%, 50, 0, 30, 2508.76
1543709761, 22, 707, 893, 113, 0, 0.96%, 50, 0, 30, 2510.61
1543709777, 22, 712, 893, 112, 1, 0.96%, 50, 0, 30, 2468.01
1543709817, 22, 712, 894, 113, 1, 0.96%, 50, 0, 30, 2546.42
1543709828, 22, 893, 894, 112, 1, 0.96%, 50, 0, 30, 2478.17
1543709899, 22, 893, 895, 113, 1, 0.96%, 50, 0, 30, 2317.30
1543709919, 22, 894, 895, 112, 1, 0.96%, 50, 0, 30, 1734.93
1543710053, 22, 894, 896, 113, 1, 0.96%, 50, 0, 30, 1788.62
1543710058, 22, 894, 897, 114, 1, 0.96%, 50, 0, 30, 2244.42
1543710063, 22, 894, 900, 117, 1, 0.96%, 50, 0, 30, 2423.66
1543710068, 22, 896, 900, 116, 1, 0.96%, 50, 0, 30, 2322.70
1543710180, 22, 896, 901, 117, 1, 0.96%, 50, 0, 30, 2430.89
1543710190, 22, 900, 901, 116, 1, 0.96%, 50, 0, 30, 2065.77
1543710380, 23, 47, 901, 115, 0, 0.96%, 50, 0, 30, 339.28
1543710385, 23, 55, 901, 115, 0, 0.96%, 50, 0, 30, 2682.72
1543710390, 23, 74, 901, 115, 0, 0.96%, 50, 0, 30, 2667.58
1543710395, 23, 115, 901, 115, 0, 0.96%, 50, 0, 30, 2457.64
1543710400, 23, 138, 901, 115, 0, 0.96%, 50, 0, 30, 2559.22
1543710405, 23, 154, 901, 115, 0, 0.96%, 50, 0, 30, 2633.78
1543710411, 23, 192, 901, 115, 0, 0.96%, 50, 0, 30, 295.42
1543710416, 23, 212, 901, 115, 0, 0.96%, 50, 0, 30, 2586.76
1543710421, 23, 216, 901, 115, 0, 0.96%, 50, 0, 30, 388.72
1543710426, 23, 236, 901, 115, 0, 0.96%, 50, 0, 30, 2418.09
1543710431, 23, 238, 901, 115, 0, 0.96%, 50, 0, 30, 2461.96
1543710436, 23, 243, 901, 115, 0, 0.96%, 50, 0, 30, 2571.80
1543710441, 23, 255, 901, 115, 0, 0.96%, 50, 0, 30, 2619.19
1543710446, 23, 276, 901, 115, 0, 0.96%, 50, 0, 30, 2637.99
1543710452, 23, 288, 901, 115, 0, 0.96%, 50, 0, 30, 2625.14
1543710457, 23, 320, 901, 115, 0, 0.96%, 50, 0, 30, 2609.53
1543710462, 23, 350, 901, 114, 0, 0.96%, 51, 0, 30, 2617.17
1543710467, 23, 384, 901, 114, 0, 0.96%, 51, 0, 30, 2607.24
1543710472, 23, 412, 901, 114, 0, 0.96%, 51, 0, 30, 2573.98
1543710477, 23, 431, 901, 113, 0, 0.96%, 51, 0, 30, 2531.06
1543710482, 23, 467, 901, 113, 0, 0.96%, 51, 0, 30, 2602.79
1543710492, 23, 479, 901, 112, 0, 0.96%, 51, 0, 30, 2474.78
1543710497, 23, 480, 901, 112, 0, 0.96%, 51, 0, 30, 2491.67
1543710502, 23, 488, 901, 112, 0, 0.96%, 51, 0, 30, 2604.24
1543710507, 23, 492, 901, 111, 0, 0.96%, 51, 0, 30, 2601.39
1543710513, 23, 518, 901, 111, 0, 0.96%, 51, 0, 30, 2504.57
1543710518, 23, 536, 901, 111, 0, 0.96%, 51, 0, 30, 2551.47
1543710528, 23, 554, 901, 110, 0, 0.96%, 51, 0, 30, 2604.95
1543710533, 23, 562, 901, 110, 0, 0.96%, 51, 0, 30, 2600.22
1543710548, 23, 585, 901, 109, 0, 0.96%, 51, 0, 30, 2520.19
1543710568, 23, 597, 901, 108, 0, 0.96%, 51, 0, 30, 2484.39
1543710589, 23, 601, 901, 107, 0, 0.96%, 51, 0, 30, 2478.13
1543710620, 23, 606, 901, 106, 0, 0.96%, 51, 0, 30, 345.22
1543710625, 23, 615, 901, 106, 0, 0.96%, 51, 0, 30, 2580.28
1543710651, 23, 619, 901, 105, 0, 0.96%, 51, 0, 30, 2546.89
1543710671, 23, 635, 901, 104, 0, 0.96%, 51, 0, 30, 2552.45
1543710676, 23, 681, 901, 104, 0, 0.96%, 51, 0, 30, 2553.56
1543710727, 23, 683, 901, 103, 0, 0.96%, 51, 0, 30, 2511.94
1543710732, 23, 687, 901, 103, 0, 0.96%, 51, 0, 30, 2477.16
1543710763, 23, 688, 901, 102, 0, 0.96%, 51, 0, 30, 2541.30
1543710768, 23, 696, 901, 102, 0, 0.96%, 51, 0, 30, 2397.12
1543710798, 23, 696, 903, 104, 0, 0.96%, 51, 0, 30, 2561.54
1543710809, 23, 884, 903, 103, 2, 0.96%, 51, 0, 30, 112.58
1543710814, 23, 901, 903, 103, 2, 0.96%, 51, 0, 30, 2362.00
1543710958, 23, 901, 904, 104, 2, 0.96%, 51, 0, 30, 1042.37
1543710968, 23, 902, 904, 103, 2, 0.96%, 51, 0, 30, 2243.83
1543711034, 23, 903, 904, 102, 1, 0.96%, 51, 0, 30, 2354.02
1543711173, 24, 23, 904, 101, 0, 0.96%, 51, 0, 30, 2360.00
1543711178, 24, 55, 904, 101, 0, 0.96%, 51, 0, 30, 2532.71
1543711183, 24, 80, 904, 101, 0, 0.96%, 51, 0, 30, 279.31
1543711188, 24, 115, 904, 101, 0, 0.96%, 51, 0, 30, 2425.82
1543711194, 24, 145, 904, 101, 0, 0.96%, 51, 0, 30, 2552.44
1543711199, 24, 154, 904, 101, 0, 0.96%, 51, 0, 30, 2619.75
1543711204, 24, 198, 904, 100, 0, 0.96%, 51, 0, 30, 2581.45
1543711209, 24, 213, 904, 100, 0, 0.96%, 51, 0, 30, 2509.96
1543711214, 24, 228, 904, 100, 0, 0.96%, 51, 0, 30, 2621.37
1543711219, 24, 241, 904, 100, 0, 0.96%, 51, 0, 30, 2598.57
1543711224, 24, 246, 904, 100, 0, 0.96%, 51, 0, 30, 2593.85
1543711229, 24, 255, 904, 100, 0, 0.96%, 51, 0, 30, 2445.54
1543711234, 24, 276, 904, 100, 0, 0.96%, 51, 0, 30, 1809.05
1543711239, 24, 282, 904, 100, 0, 0.96%, 51, 0, 30, 2482.42
1543711244, 24, 303, 904, 100, 0, 0.96%, 51, 0, 30, 2624.09
1543711250, 24, 304, 904, 99, 0, 0.96%, 51, 0, 30, 2547.42
1543711255, 24, 314, 904, 98, 0, 0.96%, 51, 0, 30, 2658.46
1543711260, 24, 322, 904, 98, 0, 0.96%, 51, 0, 30, 2651.05
1543711265, 24, 357, 904, 97, 0, 0.96%, 51, 0, 30, 2650.24
1543711270, 24, 431, 904, 97, 0, 0.96%, 51, 0, 30, 2645.75
1543711275, 24, 458, 904, 97, 0, 0.96%, 51, 0, 30, 2618.94
1543711286, 24, 465, 904, 96, 0, 0.96%, 51, 0, 30, 2579.41
1543711291, 24, 475, 904, 96, 0, 0.96%, 51, 0, 30, 2499.49
1543711301, 24, 493, 904, 95, 0, 0.96%, 51, 0, 30, 2622.76
1543711311, 24, 515, 904, 94, 0, 0.96%, 51, 0, 30, 255.62
1543711321, 24, 524, 904, 93, 0, 0.96%, 51, 0, 30, 2569.67
1543711326, 24, 566, 904, 93, 0, 0.96%, 51, 0, 30, 2529.13
1543711342, 24, 572, 904, 92, 0, 0.96%, 51, 0, 30, 2578.36
1543711347, 24, 577, 904, 92, 0, 0.96%, 51, 0, 30, 2565.56
1543711357, 24, 587, 904, 91, 0, 0.96%, 51, 0, 30, 2616.24
1543711362, 24, 616, 904, 91, 0, 0.96%, 51, 0, 30, 2488.38
1543711378, 24, 643, 904, 90, 0, 0.96%, 51, 0, 30, 2525.51
1543711423, 24, 644, 904, 89, 0, 0.96%, 51, 0, 30, 1194.36
1543711429, 24, 665, 904, 89, 0, 0.96%, 51, 0, 30, 2256.35
1543711465, 24, 682, 904, 88, 0, 0.96%, 51, 0, 30, 2416.21
1543711510, 24, 713, 904, 87, 0, 0.96%, 51, 0, 30, 2428.15
1543711562, 24, 720, 904, 86, 0, 0.96%, 51, 0, 30, 2447.48
1543711608, 24, 724, 904, 85, 0, 0.96%, 51, 0, 30, 2312.16
1543711648, 24, 725, 904, 84, 0, 0.96%, 51, 0, 30, 2468.31
1543711694, 24, 726, 904, 83, 0, 0.96%, 51, 0, 30, 2413.69
1543711730, 24, 728, 904, 82, 0, 0.96%, 51, 0, 30, 2497.32
1543711786, 24, 758, 904, 81, 0, 0.96%, 51, 0, 30, 1909.70
1543712323, 24, 759, 904, 80, 0, 0.96%, 51, 0, 30, 1564.31
1543712841, 24, 766, 904, 79, 0, 0.96%, 51, 0, 30, 2330.54
1543712846, 24, 767, 904, 78, 0, 0.96%, 51, 0, 30, 2555.73
1543712856, 24, 772, 904, 77, 0, 0.96%, 51, 0, 30, 2597.21
1543712861, 24, 793, 904, 77, 0, 0.96%, 51, 0, 30, 2555.64
1543712867, 24, 800, 904, 77, 0, 0.96%, 51, 0, 30, 2542.71
1543712902, 24, 812, 904, 76, 0, 0.96%, 51, 0, 30, 145.10
1543712907, 24, 837, 904, 76, 0, 0.96%, 51, 0, 30, 1909.40
1543712912, 24, 844, 904, 76, 0, 0.96%, 51, 0, 30, 2439.26
1543712918, 24, 852, 904, 76, 0, 0.96%, 51, 0, 30, 110.51
1543713337, 24, 852, 906, 78, 0, 0.96%, 51, 0, 30, 1715.27
1543713363, 24, 861, 906, 77, 2, 0.96%, 51, 0, 30, 2243.46
1543713368, 24, 904, 906, 77, 2, 0.96%, 51, 0, 30, 1702.48
1543713971, 24, 905, 906, 76, 1, 0.96%, 51, 0, 30, 1498.82
1543714757, 25, 47, 906, 75, 0, 0.96%, 51, 0, 30, 2429.77
1543714762, 25, 80, 906, 75, 0, 0.96%, 51, 0, 30, 2598.09
1543714768, 25, 137, 906, 75, 0, 0.96%, 51, 0, 30, 2636.59
1543714773, 25, 151, 906, 75, 0, 0.96%, 51, 0, 30, 2631.40
1543714778, 25, 174, 906, 75, 0, 0.96%, 51, 0, 30, 2612.22
1543714783, 25, 192, 906, 75, 0, 0.96%, 51, 0, 30, 2360.00
1543714788, 25, 209, 906, 75, 0, 0.96%, 51, 0, 30, 2669.79
1543714793, 25, 212, 906, 75, 0, 0.96%, 51, 0, 30, 2378.11
1543714798, 25, 223, 906, 75, 0, 0.96%, 51, 0, 30, 2058.08
1543714803, 25, 237, 906, 75, 0, 0.96%, 51, 0, 30, 2544.35
1543714808, 25, 242, 906, 75, 0, 0.96%, 51, 0, 30, 1636.38
1543714813, 25, 250, 906, 75, 0, 0.96%, 51, 0, 30, 2457.22
1543714818, 25, 266, 906, 75, 0, 0.96%, 51, 0, 30, 2559.93
1543714824, 25, 281, 906, 75, 0, 0.96%, 51, 0, 30, 2521.02
1543714829, 25, 301, 906, 75, 0, 0.96%, 51, 0, 30, 2598.74
1543714834, 25, 314, 906, 75, 0, 0.96%, 51, 0, 30, 2572.65
1543714839, 25, 317, 906, 75, 0, 0.96%, 51, 0, 30, 2631.68
1543714844, 25, 350, 906, 75, 0, 0.96%, 51, 0, 30, 2668.63
1543714849, 25, 384, 906, 75, 0, 0.96%, 51, 0, 30, 2662.08
1543714854, 25, 458, 906, 75, 0, 0.96%, 51, 0, 30, 2642.24
1543714859, 25, 477, 906, 75, 0, 0.96%, 51, 0, 30, 2639.72
1543714864, 25, 491, 906, 75, 0, 0.96%, 51, 0, 30, 2638.91
1543714869, 25, 534, 906, 75, 0, 0.96%, 51, 0, 30, 2635.38
1543714875, 25, 549, 906, 75, 0, 0.96%, 51, 0, 30, 2603.39
1543714895, 25, 554, 906, 74, 0, 0.96%, 51, 0, 30, 2517.38
1543714900, 25, 579, 906, 74, 0, 0.96%, 51, 0, 30, 2546.86
1543714905, 25, 582, 906, 74, 0, 0.96%, 51, 0, 30, 2399.18
1543714910, 25, 599, 906, 74, 0, 0.96%, 51, 0, 30, 145.75
1543714936, 25, 628, 906, 73, 0, 0.96%, 51, 0, 30, 2447.20
1543714951, 25, 634, 906, 72, 0, 0.96%, 51, 0, 30, 2023.31
1543714956, 25, 651, 906, 72, 0, 0.96%, 51, 0, 30, 2382.65
1543714961, 25, 674, 906, 72, 0, 0.96%, 51, 0, 30, 2357.04
1543714966, 25, 685, 906, 72, 0, 0.96%, 51, 0, 30, 2429.44
1543714997, 25, 701, 906, 71, 0, 0.96%, 51, 0, 30, 2450.01
1543715033, 25, 726, 906, 70, 0, 0.96%, 51, 0, 30, 2472.07
1543715038, 25, 749, 906, 70, 0, 0.96%, 51, 0, 30, 392.00
1543715166, 25, 751, 906, 69, 0, 0.96%, 51, 0, 30, 2169.80
1543715309, 25, 773, 906, 68, 0, 0.96%, 51, 0, 30, 2407.26
1543715314, 25, 787, 906, 68, 0, 0.96%, 51, 0, 30, 2553.33
1543715355, 25, 789, 906, 67, 0, 0.96%, 51, 0, 30, 2598.15
1543715360, 25, 798, 906, 67, 0, 0.96%, 51, 0, 30, 2535.43
1543715365, 25, 809, 906, 67, 0, 0.96%, 51, 0, 30, 2056.05
1543715666, 25, 812, 906, 66, 0, 0.96%, 51, 0, 30, 2357.65
1543715671, 25, 813, 906, 66, 0, 0.96%, 51, 0, 30, 192.67
1543715676, 25, 834, 906, 66, 0, 0.96%, 51, 0, 30, 2346.47
1543715722, 25, 840, 906, 65, 0, 0.96%, 51, 0, 30, 2440.32
1543715727, 25, 856, 906, 65, 0, 0.96%, 51, 0, 30, 2587.90
1543715732, 25, 876, 906, 65, 0, 0.96%, 51, 0, 30, 1438.16
1543716982, 25, 887, 906, 65, 0, 0.96%, 51, 0, 30, 2298.99
1543717074, 26, 23, 906, 64, 0, 0.96%, 51, 0, 30, 2528.71
1543717079, 26, 40, 906, 64, 0, 0.96%, 51, 0, 30, 2597.43
1543717084, 26, 50, 906, 64, 0, 0.96%, 51, 0, 30, 2622.58
1543717089, 26, 55, 906, 64, 0, 0.96%, 51, 0, 30, 2604.28
1543717095, 26, 80, 906, 64, 0, 0.96%, 51, 0, 30, 2627.83
1543717100, 26, 99, 906, 64, 0, 0.96%, 51, 0, 30, 2625.98
1543717105, 26, 115, 906, 64, 0, 0.96%, 51, 0, 30, 2643.68
1543717110, 26, 137, 906, 64, 0, 0.96%, 51, 0, 30, 2593.29
1543717115, 26, 143, 906, 64, 0, 0.96%, 51, 0, 30, 2582.25
1543717120, 26, 148, 906, 64, 0, 0.96%, 51, 0, 30, 2535.17
1543717125, 26, 153, 906, 64, 0, 0.96%, 51, 0, 30, 2548.63
1543717135, 26, 154, 906, 64, 0, 0.96%, 51, 0, 30, 2469.41
1543717141, 26, 192, 906, 64, 0, 0.96%, 51, 0, 30, 189.89
1543717146, 26, 198, 906, 64, 0, 0.96%, 51, 0, 30, 2533.88
1543717151, 26, 204, 906, 64, 0, 0.96%, 51, 0, 30, 158.12
1543717156, 26, 209, 906, 64, 0, 0.96%, 51, 0, 30, 376.81
1543717161, 26, 212, 906, 64, 0, 0.96%, 51, 0, 30, 2563.36
1543717166, 26, 216, 906, 64, 0, 0.96%, 51, 0, 30, 2617.34
1543717171, 26, 218, 906, 64, 0, 0.96%, 51, 0, 30, 2559.78
1543717176, 26, 223, 906, 64, 0, 0.96%, 51, 0, 30, 2561.56
1543717181, 26, 236, 906, 64, 0, 0.96%, 51, 0, 30, 2549.61
1543717186, 26, 237, 906, 64, 0, 0.96%, 51, 0, 30, 2545.36
1543717191, 26, 238, 906, 64, 0, 0.96%, 51, 0, 30, 2562.06
1543717197, 26, 241, 906, 64, 0, 0.96%, 51, 0, 30, 2526.36
1543717202, 26, 242, 906, 64, 0, 0.96%, 51, 0, 30, 2530.33
1543717207, 26, 243, 906, 64, 0, 0.96%, 51, 0, 30, 2567.27
1543717212, 26, 246, 906, 64, 0, 0.96%, 51, 0, 30, 2570.87
1543717217, 26, 247, 906, 64, 0, 0.96%, 51, 0, 30, 2580.56
1543717222, 26, 255, 906, 64, 0, 0.96%, 52, 0, 30, 2605.54
1543717227, 26, 260, 906, 64, 0, 0.96%, 52, 0, 30, 2613.42
1543717232, 26, 269, 906, 64, 0, 0.96%, 52, 0, 30, 190.79
1543717242, 26, 278, 906, 64, 0, 0.96%, 52, 0, 30, 2599.40
1543717253, 26, 281, 906, 64, 0, 0.96%, 52, 0, 30, 2587.32
1543717258, 26, 282, 906, 64, 0, 0.96%, 52, 0, 30, 2625.46
1543717263, 26, 301, 906, 64, 0, 0.96%, 52, 0, 30, 2560.52
1543717268, 26, 307, 906, 64, 0, 0.96%, 52, 0, 30, 190.53
1543717273, 26, 308, 906, 64, 0, 0.96%, 52, 0, 30, 2490.39
1543717278, 26, 311, 906, 64, 0, 0.96%, 52, 0, 30, 530.78
1543717283, 26, 317, 906, 64, 0, 0.96%, 52, 0, 30, 2108.09
1543717288, 26, 349, 906, 64, 0, 0.96%, 52, 0, 30, 2425.29
1543717294, 26, 393, 906, 64, 0, 0.96%, 52, 0, 30, 2530.56
1543717299, 26, 431, 906, 64, 0, 0.96%, 52, 0, 30, 2568.95
1543717304, 26, 463, 906, 64, 0, 0.96%, 52, 0, 30, 2478.27
1543717314, 26, 465, 906, 63, 0, 0.96%, 52, 0, 30, 2587.63
1543717319, 26, 466, 907, 64, 1, 0.96%, 52, 0, 30, 2546.44
1543717324, 26, 769, 907, 64, 1, 0.96%, 52, 0, 30, 2603.37
1543717329, 26, 902, 907, 64, 1, 0.96%, 52, 0, 30, 2608.93
1543717335, 26, 906, 907, 64, 1, 0.96%, 52, 0, 30, 2279.19
1543717340, 26, 906, 908, 65, 1, 0.96%, 52, 0, 30, 1793.85
1543717345, 26, 906, 909, 66, 1, 0.96%, 52, 0, 30, 1609.98
1543717709, 26, 906, 910, 67, 1, 0.96%, 52, 0, 30, 1644.11
1543717724, 26, 906, 912, 69, 1, 0.96%, 52, 0, 30, 1903.77
1543717750, 26, 909, 912, 68, 1, 0.96%, 52, 0, 30, 571.57
1543718144, 27, 23, 912, 67, 0, 0.96%, 52, 0, 30, 2480.86
1543718149, 27, 37, 912, 67, 0, 0.96%, 52, 0, 30, 2583.32
1543718154, 27, 43, 912, 67, 0, 0.96%, 52, 0, 30, 471.53
1543718159, 27, 50, 912, 67, 0, 0.96%, 52, 0, 30, 458.15
1543718165, 27, 50, 913, 68, 0, 0.96%, 52, 0, 30, 2525.53
1543718170, 27, 267, 913, 68, 1, 0.96%, 52, 0, 30, 2599.59
1543718175, 27, 433, 913, 68, 1, 0.96%, 52, 0, 30, 2580.24
1543718180, 27, 514, 913, 68, 1, 0.96%, 52, 0, 30, 2594.06
1543718185, 27, 516, 913, 68, 1, 0.96%, 52, 0, 30, 2616.77
1543718190, 27, 608, 913, 68, 1, 0.96%, 52, 0, 30, 2566.85
1543718195, 27, 617, 913, 68, 1, 0.96%, 52, 0, 30, 2586.76
1543718200, 27, 666, 913, 68, 1, 0.96%, 52, 0, 30, 2587.26
1543718205, 27, 778, 913, 68, 1, 0.96%, 52, 0, 30, 2646.90
1543718221, 27, 912, 913, 67, 1, 0.96%, 52, 0, 30, 427.50
1543718277, 28, 23, 913, 66, 0, 0.96%, 52, 0, 30, 2631.13
1543718282, 28, 37, 913, 66, 0, 0.96%, 52, 0, 30, 2669.65
1543718287, 28, 50, 913, 66, 0, 0.96%, 52, 0, 30, 2544.37
1543718292, 28, 55, 913, 66, 0, 0.96%, 52, 0, 30, 2655.80
1543718297, 28, 66, 913, 66, 0, 0.96%, 52, 0, 30, 2605.53
1543718302, 28, 80, 913, 66, 0, 0.96%, 52, 0, 30, 2626.93
1543718307, 28, 90, 913, 66, 0, 0.96%, 52, 0, 30, 2595.03
1543718312, 28, 137, 913, 66, 0, 0.96%, 52, 0, 30, 2611.15
1543718318, 28, 142, 913, 66, 0, 0.96%, 52, 0, 30, 2600.93
1543718323, 28, 143, 913, 66, 0, 0.96%, 52, 0, 30, 2646.82
1543718328, 28, 153, 913, 66, 0, 0.96%, 52, 0, 30, 2601.84
1543718338, 28, 154, 913, 66, 0, 0.96%, 52, 0, 30, 2575.57
1543718343, 28, 189, 913, 66, 0, 0.96%, 52, 0, 30, 244.15
1543718354, 28, 192, 913, 66, 0, 0.96%, 52, 0, 30, 2537.57
1543718359, 28, 198, 913, 66, 0, 0.96%, 52, 0, 30, 2557.64
1543718364, 28, 209, 913, 66, 0, 0.96%, 52, 0, 30, 2588.89
1543718374, 28, 212, 913, 66, 0, 0.96%, 52, 0, 30, 2620.11
1543718379, 28, 214, 913, 66, 0, 0.96%, 52, 0, 30, 2596.11
1543718384, 28, 216, 913, 66, 0, 0.96%, 52, 0, 30, 2562.24
1543718389, 28, 236, 913, 66, 0, 0.96%, 52, 0, 30, 2228.86
1543718394, 28, 237, 913, 66, 0, 0.96%, 52, 0, 30, 2465.99
1543718399, 28, 241, 913, 66, 0, 0.96%, 52, 0, 30, 2585.09
1543718405, 28, 242, 913, 66, 0, 0.96%, 52, 0, 30, 2598.11
1543718410, 28, 243, 913, 66, 0, 0.96%, 52, 0, 30, 2641.52
1543718415, 28, 246, 913, 66, 0, 0.96%, 52, 0, 30, 2617.34
1543718420, 28, 247, 913, 66, 0, 0.96%, 52, 0, 30, 2644.08
1543718425, 28, 255, 913, 66, 0, 0.96%, 52, 0, 30, 2586.48
1543718430, 28, 260, 913, 66, 0, 0.96%, 52, 0, 30, 2569.97
1543718435, 28, 276, 913, 66, 0, 0.96%, 52, 0, 30, 2595.29
1543718440, 28, 277, 913, 66, 0, 0.96%, 52, 0, 30, 2589.91
1543718445, 28, 281, 913, 66, 0, 0.96%, 52, 0, 30, 2595.67
1543718450, 28, 282, 913, 66, 0, 0.96%, 52, 0, 30, 275.82
1543718460, 28, 287, 913, 66, 0, 0.96%, 52, 0, 30, 337.52
1543718471, 28, 296, 913, 66, 0, 0.96%, 52, 0, 30, 2535.35
1543718476, 28, 301, 913, 66, 0, 0.96%, 52, 0, 30, 2395.57
1543718481, 28, 311, 913, 66, 0, 0.96%, 52, 0, 30, 2552.92
1543718486, 28, 317, 913, 66, 0, 0.96%, 52, 0, 30, 471.96
1543718491, 28, 349, 913, 66, 0, 0.96%, 52, 0, 30, 2621.64
1543718496, 28, 361, 913, 66, 0, 0.96%, 52, 0, 30, 2592.16
1543718507, 28, 431, 913, 66, 0, 0.96%, 52, 0, 30, 2118.75
1543718512, 28, 463, 913, 66, 0, 0.96%, 52, 0, 30, 2491.12
1543718517, 28, 464, 913, 66, 0, 0.96%, 52, 0, 30, 2596.63
1543718522, 28, 465, 913, 66, 0, 0.96%, 52, 0, 30, 167.90
1543718527, 28, 478, 913, 66, 0, 0.96%, 52, 0, 30, 2583.26
1543718532, 28, 487, 913, 66, 0, 0.96%, 52, 0, 30, 2553.18
1543718537, 28, 513, 913, 66, 0, 0.96%, 52, 0, 30, 2606.18
1543718542, 28, 530, 913, 65, 0, 0.96%, 52, 0, 30, 2602.11
1543718547, 28, 553, 913, 65, 0, 0.96%, 52, 0, 30, 2583.98
1543718568, 28, 554, 913, 64, 0, 0.96%, 52, 0, 30, 251.32
1543718578, 28, 555, 913, 64, 0, 0.96%, 52, 0, 30, 2602.65
1543718583, 28, 575, 913, 64, 0, 0.96%, 52, 0, 30, 265.35
1543718588, 28, 582, 913, 64, 0, 0.96%, 52, 0, 30, 2543.94
1543718593, 28, 596, 913, 64, 0, 0.96%, 52, 0, 30, 2280.00
1543718624, 28, 598, 913, 63, 0, 0.96%, 52, 0, 30, 2334.07
1543718649, 28, 618, 913, 62, 0, 0.96%, 52, 0, 30, 2559.59
1543718655, 28, 624, 913, 62, 0, 0.96%, 52, 0, 30, 2478.08
1543718680, 28, 624, 914, 63, 0, 0.96%, 52, 0, 30, 2527.80
1543718700, 28, 663, 914, 62, 1, 0.96%, 52, 0, 30, 2576.77
1543718711, 28, 720, 914, 62, 1, 0.96%, 52, 0, 30, 271.25
1543718716, 28, 723, 914, 62, 1, 0.96%, 52, 0, 30, 2597.61
1543718721, 28, 913, 914, 62, 1, 0.96%, 52, 0, 30, 2401.85
1543718762, 28, 913, 915, 63, 1, 0.96%, 52, 0, 30, 2419.29
1543718777, 28, 914, 915, 62, 1, 0.96%, 52, 0, 30, 2447.82
1543718859, 28, 914, 916, 63, 1, 0.96%, 52, 0, 30, 2203.93
1543718879, 28, 915, 917, 63, 1, 0.96%, 52, 0, 30, 2249.48
1543719048, 28, 915, 918, 64, 1, 0.96%, 52, 0, 30, 1859.12
1543719054, 28, 915, 921, 67, 1, 0.96%, 52, 0, 30, 2287.08
1543719069, 28, 916, 921, 66, 2, 0.96%, 52, 0, 30, 1935.83
1543719238, 28, 918, 921, 65, 1, 0.96%, 52, 0, 30, 2282.92
1543719535, 28, 919, 921, 64, 0, 0.96%, 52, 0, 30, 2085.25
1543719796, 29, 11, 921, 63, 0, 0.96%, 52, 0, 30, 2524.74
1543719801, 29, 23, 921, 63, 0, 0.96%, 52, 0, 30, 2629.97
1543719806, 29, 47, 921, 63, 0, 0.96%, 52, 0, 30, 2658.30
1543719811, 29, 55, 921, 63, 0, 0.96%, 52, 0, 30, 2674.93
1543719817, 29, 71, 921, 63, 0, 0.96%, 52, 0, 30, 2679.22
1543719822, 29, 74, 921, 63, 0, 0.96%, 52, 0, 30, 2670.98
1543719827, 29, 80, 921, 63, 0, 0.96%, 52, 0, 30, 2636.53
1543719832, 29, 85, 922, 64, 0, 0.99%, 52, 0, 30, 2654.02
1543719837, 29, 299, 922, 64, 1, 0.99%, 52, 0, 30, 255.13
1543719847, 29, 511, 922, 64, 1, 0.99%, 52, 0, 30, 2584.24
1543719852, 29, 561, 922, 64, 1, 0.99%, 52, 0, 30, 2452.62
1543719857, 29, 646, 922, 64, 1, 0.99%, 52, 0, 30, 2579.98
1543719863, 29, 659, 922, 64, 1, 0.99%, 52, 0, 30, 2605.61
1543719868, 29, 748, 922, 64, 1, 0.99%, 52, 0, 30, 2663.01
1543719873, 29, 801, 923, 65, 1, 0.99%, 52, 0, 30, 2609.09
1543719878, 29, 908, 923, 65, 2, 0.99%, 52, 0, 30, 1883.76
1543720275, 29, 908, 924, 66, 2, 0.99%, 52, 0, 30, 2214.00
1543720286, 29, 921, 924, 65, 3, 0.99%, 53, 0, 30, 2560.51
1543720291, 29, 922, 924, 64, 2, 0.99%, 53, 0, 30, 2431.87
1543720383, 29, 922, 925, 65, 2, 0.99%, 53, 0, 30, 106.14
1543720398, 29, 923, 925, 64, 2, 0.99%, 53, 0, 30, 2165.48
1543720985, 29, 923, 926, 65, 2, 0.99%, 53, 0, 30, 2069.25
1543720990, 29, 923, 927, 66, 2, 0.99%, 53, 0, 30, 2102.56
1543720995, 29, 923, 928, 67, 2, 0.99%, 53, 0, 30, 259.86
1543721006, 29, 924, 928, 66, 2, 0.99%, 53, 0, 30, 2163.57
1543721277, 29, 924, 929, 67, 2, 0.99%, 53, 0, 30, 2146.86
1543721292, 29, 926, 929, 66, 2, 0.99%, 53, 0, 30, 2007.00
1543721830, 29, 926, 930, 67, 2, 0.99%, 53, 0, 30, 1726.59
1543721850, 29, 928, 930, 66, 2, 0.99%, 53, 0, 30, 2037.01
1543722269, 29, 929, 930, 65, 1, 0.99%, 53, 0, 30, 67.54
1543723055, 29, 929, 931, 66, 1, 0.99%, 53, 0, 30, 1855.32
1543723065, 29, 929, 932, 67, 1, 0.99%, 53, 0, 30, 2051.33
1543723071, 29, 931, 932, 66, 1, 0.99%, 53, 0, 30, 1960.78
1543723878, 29, 931, 933, 67, 1, 0.99%, 53, 0, 30, 1824.12
1543723883, 29, 931, 934, 68, 1, 0.99%, 53, 0, 30, 2011.69
1543723893, 29, 932, 934, 67, 1, 0.99%, 53, 0, 30, 1985.15
1543723899, 29, 932, 935, 68, 1, 0.99%, 53, 0, 30, 1480.72
1543724832, 29, 932, 936, 69, 1, 0.99%, 53, 0, 30, 1862.17
1543724847, 29, 934, 936, 68, 1, 0.99%, 53, 0, 30, 1902.33
1543725777, 30, 23, 936, 67, 0, 0.99%, 53, 0, 30, 2440.66
1543725782, 30, 40, 936, 67, 0, 0.99%, 53, 0, 30, 2546.24
1543725787, 30, 50, 936, 67, 0, 0.99%, 53, 0, 30, 2581.71
1543725792, 30, 55, 936, 67, 0, 0.99%, 53, 0, 30, 2575.77
1543725797, 30, 80, 936, 66, 0, 0.99%, 53, 0, 30, 2566.50
1543725802, 30, 110, 936, 65, 0, 0.99%, 53, 0, 30, 2597.25
1543725807, 30, 142, 936, 65, 0, 0.99%, 53, 0, 30, 2529.99
1543725812, 30, 143, 936, 65, 0, 0.99%, 53, 0, 30, 2590.12
1543725818, 30, 148, 936, 65, 0, 0.99%, 53, 0, 30, 2620.40
1543725823, 30, 153, 936, 65, 0, 0.99%, 53, 0, 30, 2628.33
1543725828, 30, 185, 936, 65, 0, 0.99%, 53, 0, 30, 172.16
1543725833, 30, 189, 936, 65, 0, 0.99%, 53, 0, 30, 2578.92
1543725838, 30, 192, 936, 65, 0, 0.99%, 53, 0, 30, 246.72
1543725843, 30, 198, 936, 65, 0, 0.99%, 53, 0, 30, 2595.37
1543725848, 30, 209, 936, 65, 0, 0.99%, 53, 0, 30, 2604.79
1543725853, 30, 212, 936, 65, 0, 0.99%, 53, 0, 30, 2638.86
1543725858, 30, 213, 936, 65, 0, 0.99%, 53, 0, 30, 2661.12
1543725864, 30, 216, 936, 65, 0, 0.99%, 53, 0, 30, 2627.37
1543725869, 30, 236, 936, 65, 0, 0.99%, 53, 0, 30, 2619.95
1543725874, 30, 237, 936, 65, 0, 0.99%, 53, 0, 30, 2658.31
1543725879, 30, 241, 936, 65, 0, 0.99%, 53, 0, 30, 2649.74
1543725889, 30, 243, 936, 65, 0, 0.99%, 53, 0, 30, 2613.77
1543725894, 30, 246, 936, 65, 0, 0.99%, 53, 0, 30, 2619.95
1543725899, 30, 247, 936, 65, 0, 0.99%, 53, 0, 30, 2633.70
1543725904, 30, 255, 936, 65, 0, 0.99%, 53, 0, 30, 2656.14
1543725910, 30, 260, 936, 65, 0, 0.99%, 53, 0, 30, 2615.02
1543725915, 30, 269, 936, 65, 0, 0.99%, 53, 0, 30, 2667.94
1543725920, 30, 281, 936, 65, 0, 0.99%, 53, 0, 30, 2664.52
1543725925, 30, 282, 936, 65, 0, 0.99%, 53, 0, 30, 2652.34
1543725930, 30, 292, 936, 65, 0, 0.99%, 53, 0, 30, 2602.48
1543725935, 30, 297, 936, 65, 0, 0.99%, 53, 0, 30, 103.80
1543725940, 30, 301, 936, 65, 0, 0.99%, 53, 0, 30, 2592.40
1543725945, 30, 303, 936, 65, 0, 0.99%, 53, 0, 30, 2546.26
1543725950, 30, 307, 936, 65, 0, 0.99%, 53, 0, 30, 2611.54
1543725956, 30, 324, 936, 65, 0, 0.99%, 53, 0, 30, 2649.71
1543725961, 30, 348, 936, 64, 0, 0.99%, 53, 0, 30, 2654.92
1543725966, 30, 349, 936, 64, 0, 0.99%, 53, 0, 30, 2667.96
1543725971, 30, 361, 936, 64, 0, 0.99%, 53, 0, 30, 2621.29
1543725976, 30, 406, 936, 64, 0, 0.99%, 53, 0, 30, 1804.24
1543725981, 30, 433, 936, 64, 0, 0.99%, 53, 0, 30, 2451.42
1543725986, 30, 443, 936, 64, 0, 0.99%, 53, 0, 30, 2593.59
1543725991, 30, 458, 936, 64, 0, 0.99%, 53, 0, 30, 2577.10
1543725996, 30, 465, 936, 64, 0, 0.99%, 53, 0, 30, 2551.34
1543726001, 30, 498, 936, 64, 0, 0.99%, 53, 0, 30, 2595.98
1543726006, 30, 508, 936, 64, 0, 0.99%, 53, 0, 30, 2657.63
1543726021, 30, 542, 936, 63, 0, 0.99%, 53, 0, 30, 2665.37
1543726026, 30, 548, 936, 63, 0, 0.99%, 53, 0, 30, 2644.12
1543726031, 30, 549, 936, 63, 0, 0.99%, 53, 0, 30, 2585.07
1543726037, 30, 556, 936, 63, 0, 0.99%, 53, 0, 30, 2642.45
1543726047, 30, 597, 936, 63, 0, 0.99%, 53, 0, 30, 2595.14
1543726057, 30, 623, 936, 63, 0, 0.99%, 53, 0, 30, 2494.60
1543726062, 30, 643, 936, 63, 0, 0.99%, 53, 0, 30, 2512.17
1543726067, 30, 661, 936, 63, 0, 0.99%, 53, 0, 30, 2538.10
1543726072, 30, 665, 936, 63, 0, 0.99%, 53, 0, 30, 2530.65
1543726077, 30, 684, 936, 63, 0, 0.99%, 53, 0, 30, 2523.27
1543726082, 30, 687, 936, 63, 0, 0.99%, 53, 0, 30, 2537.32
1543726087, 30, 706, 936, 63, 0, 0.99%, 53, 0, 30, 256.41
1543726093, 30, 722, 936, 63, 0, 0.99%, 53, 0, 30, 2531.91
1543726098, 30, 725, 936, 63, 0, 0.99%, 53, 0, 30, 2582.94
1543726103, 30, 726, 936, 63, 0, 0.99%, 53, 0, 30, 2629.85
1543726108, 30, 734, 936, 63, 0, 0.99%, 53, 0, 30, 2606.55
1543726113, 30, 749, 936, 63, 0, 0.99%, 53, 0, 30, 2532.06
1543726118, 30, 757, 936, 63, 0, 0.99%, 53, 0, 30, 1769.20
1543726779, 30, 773, 936, 62, 0, 0.99%, 53, 0, 30, 2337.21
1543726784, 30, 782, 936, 62, 0, 0.99%, 53, 0, 30, 439.78
1543726789, 30, 789, 936, 62, 0, 0.99%, 53, 0, 30, 2574.01
1543726804, 30, 790, 936, 62, 0, 0.99%, 53, 0, 30, 2610.00
1543726809, 30, 805, 936, 62, 0, 0.99%, 53, 0, 30, 237.40
1543726988, 30, 812, 936, 61, 0, 0.99%, 53, 0, 30, 2578.45
1543726993, 30, 822, 936, 61, 0, 0.99%, 53, 0, 30, 2294.53
1543727324, 30, 827, 936, 60, 0, 0.99%, 53, 0, 30, 2549.59
1543727350, 30, 828, 936, 59, 0, 0.99%, 53, 0, 30, 2571.38
1543727355, 30, 838, 936, 59, 0, 0.99%, 53, 0, 30, 2506.06
1543727360, 30, 842, 936, 59, 0, 0.99%, 53, 0, 30, 2509.16
1543727370, 30, 844, 936, 59, 0, 0.99%, 53, 0, 30, 2591.12
1543727375, 30, 856, 936, 59, 0, 0.99%, 53, 0, 30, 384.09
1543727380, 30, 859, 936, 59, 0, 0.99%, 53, 0, 30, 2523.37
1543727411, 30, 878, 936, 58, 0, 0.99%, 53, 0, 30, 2579.79
1543727416, 30, 887, 936, 58, 0, 0.99%, 53, 0, 30, 2481.72
1543727421, 30, 891, 936, 58, 0, 0.99%, 53, 0, 30, 2590.56
1543727426, 30, 898, 936, 58, 0, 0.99%, 53, 0, 30, 2185.94
1543727580, 30, 917, 936, 57, 0, 0.99%, 53, 0, 30, 2169.52
1543727791, 30, 927, 936, 56, 0, 0.99%, 53, 0, 30, 2353.42
1543728628, 30, 935, 936, 55, 0, 0.99%, 53, 0, 30, 420.19
1543730890, 30, 935, 937, 56, 0, 0.99%, 53, 0, 30, 1351.54
1543730905, 30, 936, 938, 56, 1, 0.99%, 53, 0, 30, 1477.77
1543732944, 30, 936, 939, 57, 1, 0.99%, 53, 0, 30, 999.15
1543733136, 30, 938, 939, 56, 1, 0.99%, 53, 0, 30, 141.91
1543735184, 30, 938, 940, 57, 1, 0.99%, 53, 0, 30, 847.20
1543735362, 30, 939, 940, 56, 1, 0.99%, 53, 0, 30, 1405.46
